0,0,0
0,0,1.2077e-08
0,0,5.0147e-08
0,0,1.16e-07
0,0,2.0697e-07
0,0,3.2077e-07
0,0,4.6053e-07
0,0,6.2594e-07
0,0,8.1105e-07
0,0,1.0177e-06
0,0,1.2469e-06
0,0,1.4979e-06
0,0,1.7675e-06
0,0,2.0544e-06
0,0,2.3566e-06
0,0,2.6729e-06
0,0,3.004e-06
0,0,3.3526e-06
0,0,3.7241e-06
0,0,4.1268e-06
0,0,4.5562e-06
0,0,5.007e-06
0,0,5.479e-06
0,0,5.971e-06
0,0,6.4805e-06
0,0,7.0039e-06
0,0,7.536e-06
0,0,8.0701e-06
0,0,8.5974e-06
0,0,9.1076e-06
0,0,9.5884e-06
0,0,1.0026e-05
0,0,1.046e-05
0,0,1.0934e-05
0,0,1.1436e-05
0,0,1.1957e-05
0,0,1.249e-05
0,0,1.3026e-05
0,0,1.356e-05
0,0,1.4086e-05
0,0,1.46e-05
0,0,1.5103e-05
0,0,1.56e-05
0,0,1.6109e-05
0,0,1.6636e-05
0,0,1.7186e-05
0,0,1.7765e-05
0,0,1.8376e-05
0,0,1.9022e-05
0,0,1.9704e-05
0,0,2.0423e-05
0,0,2.1178e-05
0,0,2.1964e-05
0,0,2.278e-05
0,0,2.3617e-05
0,0,2.4467e-05
0,0,2.5321e-05
0,0,2.6166e-05
0,0,2.6986e-05
0,0,2.7765e-05
0,0,2.8482e-05
0,0,2.9164e-05
0,0,2.9863e-05
0,0,3.0572e-05
0,0,3.1287e-05
0,0,3.2003e-05
0,0,3.2718e-05
0,0,3.3431e-05
0,0,3.4142e-05
0,0,3.4852e-05
0,0,3.5567e-05
0,0,3.6289e-05
0,0,3.7028e-05
0,0,3.7791e-05
0,0,3.859e-05
0,0,3.9438e-05
0,0,4.0349e-05
0,0,4.1341e-05
0,0,4.2414e-05
0,0,4.3559e-05
0,0,4.4762e-05
0,0,4.6015e-05
0,0,4.7307e-05
0,0,4.8628e-05
0,0,4.9971e-05
0,0,5.1328e-05
0,0,5.2691e-05
0,0,5.4054e-05
0,0,5.5413e-05
0,0,5.6764e-05
0,0,5.8104e-05
0,0,5.9431e-05
0,0,6.0745e-05
0,0,6.2048e-05
0,0,6.3343e-05
0,0,6.4634e-05
0,0,6.5927e-05
0,0,6.723e-05
0,0,6.8552e-05
0,0,6.9905e-05
0,0,7.1301e-05
0,0,7.2709e-05
0,0,7.4092e-05
0,0,7.5437e-05
0,0,7.6733e-05
0,0,7.7971e-05
0,0,7.9141e-05
0,0,8.0239e-05
0,0,8.1257e-05
0,0,8.2195e-05
0,0,8.305e-05
0,0,8.3823e-05
0,0,8.4517e-05
0,0,8.5137e-05
0,0,8.5689e-05
0,0,8.6182e-05
0,0,8.6626e-05
0,0,8.7034e-05
0,0,8.7421e-05
0,0,8.7802e-05
0,0,8.814e-05
0,0,8.8421e-05
0,0,8.8674e-05
0,0,8.8923e-05
0,0,8.9188e-05
0,0,8.949e-05
0,0,8.9844e-05
0,0,9.0263e-05
0,0,9.0758e-05
0,0,9.1336e-05
0,0,9.2001e-05
0,0,9.2757e-05
0,0,9.3602e-05
0,0,9.4532e-05
0,0,9.5541e-05
0,0,9.6618e-05
0,0,9.775e-05
0,0,9.892e-05
0,0,0.00010011
0,0,0.00010132
0,0,0.00010255
0,0,0.00010382
0,0,0.00010512
0,0,0.00010644
0,0,0.00010778
0,0,0.00010915
0,0,0.00011053
0,0,0.00011193
0,0,0.00011335
0,0,0.00011477
0,0,0.0001162
0,0,0.00011763
0,0,0.00011905
0,0,0.00012046
0,0,0.00012186
0,0,0.00012323
0,0,0.00012458
0,0,0.00012589
0,0,0.00012716
0,0,0.00012837
0,0,0.00012953
0,0,0.00013062
0,0,0.00013153
0,0,0.00013227
0,0,0.00013288
0,0,0.00013341
0,0,0.00013391
0,0,0.00013441
0,0,0.00013495
0,0,0.00013556
0,0,0.00013626
0,0,0.00013707
0,0,0.000138
0,0,0.00013907
0,0,0.00014029
0,0,0.00014164
0,0,0.00014314
0,0,0.00014477
0,0,0.00014651
0,0,0.00014834
0,0,0.00015025
0,0,0.0001522
0,0,0.00015414
0,0,0.00015605
0,0,0.00015787
0,0,0.00015967
0,0,0.00016147
0,0,0.00016328
0,0,0.00016509
0,0,0.00016693
0,0,0.00016881
0,0,0.00017071
0,0,0.00017266
0,0,0.00017466
0,0,0.0001767
0,0,0.0001788
0,0,0.00018096
0,0,0.00018317
0,0,0.00018544
0,0,0.00018777
0,0,0.00019016
0,0,0.0001926
0,0,0.00019509
0,0,0.00019758
0,0,0.00019983
0,0,0.00020187
0,0,0.00020373
0,0,0.00020547
0,0,0.00020714
0,0,0.00020877
0,0,0.0002104
0,0,0.00021206
0,0,0.00021379
0,0,0.00021559
0,0,0.0002175
0,0,0.00021953
0,0,0.0002217
0,0,0.00022399
0,0,0.00022643
0,0,0.000229
0,0,0.0002317
0,0,0.00023452
0,0,0.00023743
0,0,0.00024042
0,0,0.00024345
0,0,0.0002465
0,0,0.00024951
0,0,0.00025244
0,0,0.00025525
0,0,0.00025786
0,0,0.00026022
0,0,0.00026233
0,0,0.00026425
0,0,0.00026601
0,0,0.00026767
0,0,0.00026925
0,0,0.00027078
0,0,0.0002723
0,0,0.00027383
0,0,0.00027541
0,0,0.00027703
0,0,0.00027873
0,0,0.00028052
0,0,0.00028241
0,0,0.0002844
0,0,0.0002865
0,0,0.0002887
0,0,0.00029101
0,0,0.00029342
0,0,0.00029591
0,0,0.00029847
0,0,0.00030108
0,0,0.00030372
0,0,0.00030636
0,0,0.00030897
0,0,0.00031151
0,0,0.00031395
0,0,0.0003162
0,0,0.00031827
0,0,0.00032018
0,0,0.00032197
0,0,0.00032364
0,0,0.00032522
0,0,0.00032673
0,0,0.00032819
0,0,0.00032961
0,0,0.000331
0,0,0.00033239
0,0,0.00033378
0,0,0.00033519
0,0,0.00033662
0,0,0.00033809
0,0,0.00033959
0,0,0.00034114
0,0,0.00034274
0,0,0.00034439
0,0,0.0003461
0,0,0.00034785
0,0,0.00034966
0,0,0.00035151
0,0,0.0003534
0,0,0.00035532
0,0,0.00035728
0,0,0.00035924
0,0,0.00036121
0,0,0.00036317
0,0,0.0003651
0,0,0.00036699
0,0,0.00036891
0,0,0.00037101
0,0,0.00037326
0,0,0.00037566
0,0,0.0003782
0,0,0.00038086
0,0,0.00038363
0,0,0.0003865
0,0,0.00038946
0,0,0.00039249
0,0,0.00039558
0,0,0.00039872
0,0,0.00040191
0,0,0.00040512
0,0,0.00040836
0,0,0.0004116
0,0,0.00041485
0,0,0.00041808
0,0,0.0004213
0,0,0.0004245
0,0,0.00042766
0,0,0.00043078
0,0,0.00043385
0,0,0.00043687
0,0,0.00043982
0,0,0.00044271
0,0,0.00044552
0,0,0.00044825
0,0,0.0004509
0,0,0.00045347
0,0,0.00045594
0,0,0.00045832
0,0,0.0004606
0,0,0.00046278
0,0,0.00046486
0,0,0.00046681
0,0,0.0004686
0,0,0.00047026
0,0,0.00047179
0,0,0.00047323
0,0,0.00047458
0,0,0.00047587
0,0,0.00047712
0,0,0.00047833
0,0,0.00047952
0,0,0.00048071
0,0,0.00048191
0,0,0.00048313
0,0,0.00048439
0,0,0.00048568
0,0,0.00048703
0,0,0.00048844
0,0,0.00048992
0,0,0.00049148
0,0,0.00049312
0,0,0.00049484
0,0,0.00049666
0,0,0.00049857
0,0,0.00050057
0,0,0.00050267
0,0,0.00050487
0,0,0.00050717
0,0,0.00050957
0,0,0.00051205
0,0,0.00051463
0,0,0.00051729
0,0,0.00052004
0,0,0.00052285
0,0,0.00052574
0,0,0.00052868
0,0,0.00053166
0,0,0.00053469
0,0,0.00053774
0,0,0.0005408
0,0,0.00054386
0,0,0.0005469
0,0,0.00054991
0,0,0.00055286
0,0,0.00055575
0,0,0.00055854
0,0,0.00056122
0,0,0.00056377
0,0,0.00056615
0,0,0.0005684
0,0,0.00057061
0,0,0.0005728
0,0,0.00057497
0,0,0.00057714
0,0,0.00057932
0,0,0.00058151
0,0,0.00058373
0,0,0.00058598
0,0,0.00058828
0,0,0.00059062
0,0,0.00059301
0,0,0.00059546
0,0,0.00059797
0,0,0.00060054
0,0,0.00060318
0,0,0.00060589
0,0,0.00060867
0,0,0.00061152
0,0,0.00061444
0,0,0.00061742
0,0,0.00062047
0,0,0.00062358
0,0,0.00062676
0,0,0.00062998
0,0,0.00063325
0,0,0.00063656
0,0,0.00063991
0,0,0.00064328
0,0,0.00064666
0,0,0.00065005
0,0,0.00065343
0,0,0.0006568
0,0,0.00066013
0,0,0.00066342
0,0,0.00066665
0,0,0.00066979
0,0,0.00067285
0,0,0.00067579
0,0,0.0006786
0,0,0.00068127
0,0,0.00068393
0,0,0.00068661
0,0,0.00068934
0,0,0.00069211
0,0,0.00069494
0,0,0.00069783
0,0,0.0007008
0,0,0.00070384
0,0,0.00070697
0,0,0.00071019
0,0,0.00071351
0,0,0.00071693
0,0,0.00072045
0,0,0.00072408
0,0,0.00072783
0,0,0.00073168
0,0,0.00073565
0,0,0.00073974
0,0,0.00074394
0,0,0.00074825
0,0,0.00075268
0,0,0.00075722
0,0,0.00076187
0,0,0.00076662
0,0,0.00077148
0,0,0.00077643
0,0,0.00078148
0,0,0.00078661
0,0,0.00079181
0,0,0.00079709
0,0,0.00080243
0,0,0.00080782
0,0,0.00081325
0,0,0.00081871
0,0,0.00082419
0,0,0.00082967
0,0,0.00083514
0,0,0.00084059
0,0,0.000846
0,0,0.00085137
0,0,0.00085685
0,0,0.00086252
0,0,0.00086836
0,0,0.00087437
0,0,0.00088054
0,0,0.00088686
0,0,0.00089332
0,0,0.00089993
0,0,0.00090667
0,0,0.00091354
0,0,0.00092054
0,0,0.00092766
0,0,0.0009349
0,0,0.00094225
0,0,0.00094973
0,0,0.00095732
0,0,0.00096502
0,0,0.00097285
0,0,0.00098078
0,0,0.00098884
0,0,0.00099703
0,0,0.0010053
0,0,0.0010138
0,0,0.0010223
0,0,0.0010311
0,0,0.0010399
0,0,0.0010489
0,0,0.0010581
0,0,0.0010675
0,0,0.001077
0,0,0.0010868
0,0,0.0010967
0,0,0.0011069
0,0,0.0011173
0,0,0.0011279
0,0,0.0011388
0,0,0.0011501
0,0,0.0011617
0,0,0.0011739
0,0,0.0011865
0,0,0.0011996
0,0,0.0012131
0,0,0.0012271
0,0,0.0012414
0,0,0.0012561
0,0,0.0012712
0,0,0.0012867
0,0,0.0013025
0,0,0.0013186
0,0,0.0013351
0,0,0.0013519
0,0,0.001369
0,0,0.0013865
0,0,0.0014043
0,0,0.0014224
0,0,0.0014408
0,0,0.0014596
0,0,0.0014787
0,0,0.0014981
0,0,0.0015178
0,0,0.001538
0,0,0.0015584
0,0,0.0015793
0,0,0.0016006
0,0,0.0016222
0,0,0.0016444
0,0,0.0016669
0,0,0.00169
0,0,0.0017135
0,0,0.0017376
0,0,0.0017623
0,0,0.0017876
0,0,0.0018135
0,0,0.0018401
0,0,0.0018674
0,0,0.0018955
0,0,0.0019245
0,0,0.0019543
0,0,0.0019851
0,0,0.002017
0,0,0.0020499
0,0,0.0020839
0,0,0.0021191
0,0,0.0021553
0,0,0.0021926
0,0,0.0022311
0,0,0.0022707
0,0,0.0023114
0,0,0.0023534
0,0,0.0023965
0,0,0.0024407
0,0,0.0024862
0,0,0.002533
0,0,0.0025809
0,0,0.0026301
0,0,0.0026805
0,0,0.0027323
0,0,0.0027853
0,0,0.0028396
0,0,0.0028952
0,0,0.0029521
0,0,0.0030104
0,0,0.00307
0,0,0.003131
0,0,0.0031933
0,0,0.0032571
0,0,0.0033222
0,0,0.0033888
0,0,0.0034568
0,0,0.0035262
0,0,0.0035971
0,0,0.0036695
0,0,0.0037433
0,0,0.0038186
0,0,0.0038954
0,0,0.0039737
0,0,0.0040536
0,0,0.004135
0,0,0.0042179
0,0,0.0043024
0,0,0.0043885
0,0,0.0044765
0,0,0.0045669
0,0,0.0046597
0,0,0.0047549
0,0,0.0048526
0,0,0.0049528
0,0,0.0050554
0,0,0.0051605
0,0,0.0052681
0,0,0.0053782
0,0,0.0054908
0,0,0.0056059
0,0,0.0057236
0,0,0.0058439
0,0,0.0059667
0,0,0.0060921
0,0,0.0062202
0,0,0.0063508
0,0,0.0064841
0,0,0.0066201
0,0,0.0067588
0,0,0.0069001
0,0,0.0070442
0,0,0.007191
0,0,0.0073406
0,0,0.0074929
0,0,0.0076481
0,0,0.0078061
0,0,0.007967
0,0,0.0081307
0,0,0.0082974
0,0,0.0084669
0,0,0.0086395
0,0,0.0088151
0,0,0.0089937
0,0,0.0091753
0,0,0.0093601
0,0,0.009548
0,0,0.0097391
0,0,0.0099334
0,0,0.010131
0,0,0.010332
0,0,0.010536
0,0,0.010744
0,0,0.010955
0,0,0.011169
0,0,0.011385
0,0,0.011605
0,0,0.011828
0,0,0.012053
0,0,0.012282
0,0,0.012513
0,0,0.012747
0,0,0.012985
0,0,0.013226
0,0,0.013469
0,0,0.013716
0,0,0.013966
0,0,0.014219
0,0,0.014476
0,0,0.014736
0,0,0.014999
0,0,0.015265
0,0,0.015535
0,0,0.015808
0,0,0.016085
0,0,0.016365
0,0,0.016648
0,0,0.016935
0,0,0.017226
0,0,0.01752
0,0,0.017818
0,0,0.018119
0,0,0.018424
0,0,0.018732
0,0,0.019045
0,0,0.019361
0,0,0.01968
0,0,0.020004
0,0,0.020331
0,0,0.020662
0,0,0.020997
0,0,0.021336
0,0,0.021678
0,0,0.022024
0,0,0.022375
0,0,0.022729
0,0,0.023087
0,0,0.023449
0,0,0.023815
0,0,0.024185
0,0,0.024558
0,0,0.024936
0,0,0.025318
0,0,0.025703
0,0,0.026093
0,0,0.026487
0,0,0.026885
0,0,0.027286
0,0,0.027692
0,0,0.028101
0,0,0.028515
0,0,0.028933
0,0,0.029354
0,0,0.02978
0,0,0.030209
0,0,0.030643
0,0,0.03108
0,0,0.031522
0,0,0.031967
0,0,0.032416
0,0,0.032869
0,0,0.033326
0,0,0.033787
0,0,0.034252
0,0,0.03472
0,0,0.035192
0,0,0.035668
0,0,0.036148
0,0,0.036631
0,0,0.037118
0,0,0.037609
0,0,0.038103
0,0,0.038601
0,0,0.039102
0,0,0.039607
0,0,0.040115
0,0,0.040626
0,0,0.041141
0,0,0.041659
0,0,0.04218
0,0,0.042704
0,0,0.043232
0,0,0.043762
0,0,0.044295
0,0,0.044831
0,0,0.04537
0,0,0.045912
0,0,0.046457
0,0,0.047004
0,0,0.047553
0,0,0.048105
0,0,0.048659
0,0,0.049216
0,0,0.049775
0,0,0.050335
0,0,0.050898
0,0,0.051463
0,0,0.052029
0,0,0.052597
0,0,0.053167
0,0,0.053738
0,0,0.05431
0,0,0.054884
0,0,0.055459
0,0,0.056036
0,0,0.056614
0,0,0.057194
0,0,0.057776
0,0,0.05836
0,0,0.058945
0,0,0.059533
0,0,0.060121
0,0,0.060712
0,0,0.061304
0,0,0.061898
0,0,0.062494
0,0,0.063091
0,0,0.06369
0,0,0.06429
0,0,0.064892
0,0,0.065496
0,0,0.066101
0,0,0.066708
0,0,0.067316
0,0,0.067926
0,0,0.068537
0,0,0.06915
0,0,0.069764
0,0,0.07038
0,0,0.070998
0,0,0.071616
0,0,0.072237
0,0,0.072858
0,0,0.073481
0,0,0.074106
0,0,0.074732
0,0,0.075359
0,0,0.075988
0,0,0.076618
0,0,0.077249
0,0,0.077881
0,0,0.078515
0,0,0.07915
0,0,0.079787
0,0,0.080424
0,0,0.081063
0,0,0.081703
0,0,0.082344
0,0,0.082987
0,0,0.08363
0,0,0.084275
0,0,0.08492
0,0,0.085567
0,0,0.086215
0,0,0.086864
0,0,0.087514
0,0,0.088165
0,0,0.088817
0,0,0.08947
0,0,0.090124
0,0,0.090779
0,0,0.091435
0,0,0.092092
0,0,0.092749
0,0,0.093407
0,0,0.094067
0,0,0.094727
0,0,0.095388
0,0,0.096049
0,0,0.096711
0,0,0.097374
0,0,0.098038
0,0,0.098702
0,0,0.099367
0,0,0.10003
0,0,0.1007
0,0,0.10137
0,0,0.10203
0,0,0.1027
0,0,0.10337
0,0,0.10404
0,0,0.10471
0,0,0.10538
0,0,0.10605
0,0,0.10672
0,0,0.10739
0,0,0.10806
0,0,0.10873
0,0,0.1094
0,0,0.11007
0,0,0.11074
0,0,0.11141
0,0,0.11208
0,0,0.11276
0,0,0.11343
0,0,0.1141
0,0,0.11477
0,0,0.11544
0,0,0.11611
0,0,0.11678
0,0,0.11746
0,0,0.11813
0,0,0.1188
0,0,0.11947
0,0,0.12014
0,0,0.12081
0,0,0.12148
0,0,0.12216
0,0,0.12283
0,0,0.1235
0,0,0.12418
0,0,0.12485
0,0,0.12553
0,0,0.12621
0,0,0.12688
0,0,0.12756
0,0,0.12823
0,0,0.12891
0,0,0.12959
0,0,0.13027
0,0,0.13094
0,0,0.13162
0,0,0.1323
0,0,0.13298
0,0,0.13366
0,0,0.13433
0,0,0.13501
0,0,0.13569
0,0,0.13637
0,0,0.13705
0,0,0.13773
0,0,0.1384
0,0,0.13908
0,0,0.13976
0,0,0.14044
0,0,0.14112
0,0,0.1418
0,0,0.14247
0,0,0.14315
0,0,0.14383
0,0,0.14451
0,0,0.14518
0,0,0.14586
0,0,0.14654
0,0,0.14722
0,0,0.14789
0,0,0.14857
0,0,0.14925
0,0,0.14992
0,0,0.1506
0,0,0.15127
0,0,0.15195
0,0,0.15263
0,0,0.1533
0,0,0.15398
0,0,0.15465
0,0,0.15532
0,0,0.156
0,0,0.15667
0,0,0.15735
0,0,0.15802
0,0,0.15869
0,0,0.15937
0,0,0.16004
0,0,0.16071
0,0,0.16138
0,0,0.16206
0,0,0.16273
0,0,0.1634
0,0,0.16407
0,0,0.16474
0,0,0.16542
0,0,0.16609
0,0,0.16676
0,0,0.16743
0,0,0.1681
0,0,0.16877
0,0,0.16944
0,0,0.17011
0,0,0.17078
0,0,0.17146
0,0,0.17213
0,0,0.1728
0,0,0.17347
0,0,0.17414
0,0,0.17481
0,0,0.17548
0,0,0.17615
0,0,0.17683
0,0,0.1775
0,0,0.17817
0,0,0.17884
0,0,0.17952
0,0,0.18019
0,0,0.18086
0,0,0.18154
0,0,0.18221
0,0,0.18289
0,0,0.18356
0,0,0.18424
0,0,0.18491
0,0,0.18559
0,0,0.18627
0,0,0.18695
0,0,0.18763
0,0,0.18831
0,0,0.18899
0,0,0.18967
0,0,0.19035
0,0,0.19103
0,0,0.19172
0,0,0.1924
0,0,0.19309
0,0,0.19378
0,0,0.19447
0,0,0.19516
0,0,0.19585
0,0,0.19654
0,0,0.19724
0,0,0.19793
0,0,0.19863
0,0,0.19932
0,0,0.20002
0,0,0.20072
0,0,0.20142
0,0,0.20212
0,0,0.20282
0,0,0.20352
0,0,0.20422
0,0,0.20492
0,0,0.20563
0,0,0.20633
0,0,0.20704
0,0,0.20774
0,0,0.20845
0,0,0.20915
0,0,0.20986
0,0,0.21057
0,0,0.21127
0,0,0.21198
0,0,0.21269
0,0,0.2134
0,0,0.2141
0,0,0.21481
0,0,0.21552
0,0,0.21623
0,0,0.21694
0,0,0.21765
0,0,0.21836
0,0,0.21907
0,0,0.21977
0,0,0.22048
0,0,0.22119
0,0,0.2219
0,0,0.22261
0,0,0.22332
0,0,0.22403
0,0,0.22474
0,0,0.22544
0,0,0.22615
0,0,0.22686
0,0,0.22757
0,0,0.22827
0,0,0.22898
0,0,0.22969
0,0,0.23039
0,0,0.2311
0,0,0.23181
0,0,0.23251
0,0,0.23321
0,0,0.23392
0,0,0.23462
0,0,0.23533
0,0,0.23603
0,0,0.23673
0,0,0.23743
0,0,0.23813
0,0,0.23883
0,0,0.23953
0,0,0.24023
0,0,0.24093
0,0,0.24163
0,0,0.24233
0,0,0.24302
0,0,0.24372
0,0,0.24442
0,0,0.24511
0,0,0.2458
0,0,0.2465
0,0,0.24719
0,0,0.24788
0,0,0.24857
0,0,0.24927
0,0,0.24996
0,0,0.25064
0,0,0.25133
0,0,0.25202
0,0,0.25271
0,0,0.25339
0,0,0.25408
0,0,0.25476
0,0,0.25545
0,0,0.25613
0,0,0.25681
0,0,0.2575
0,0,0.25818
0,0,0.25886
0,0,0.25954
0,0,0.26022
0,0,0.26089
0,0,0.26157
0,0,0.26225
0,0,0.26292
0,0,0.2636
0,0,0.26427
0,0,0.26495
0,0,0.26562
0,0,0.26629
0,0,0.26697
0,0,0.26764
0,0,0.26831
0,0,0.26898
0,0,0.26965
0,0,0.27032
0,0,0.27099
0,0,0.27165
0,0,0.27232
0,0,0.27299
0,0,0.27365
0,0,0.27432
0,0,0.27498
0,0,0.27565
0,0,0.27631
0,0,0.27698
0,0,0.27764
0,0,0.2783
0,0,0.27897
0,0,0.27963
0,0,0.28029
0,0,0.28095
0,0,0.28162
0,0,0.28228
0,0,0.28294
0,0,0.2836
0,0,0.28426
0,0,0.28492
0,0,0.28558
0,0,0.28624
0,0,0.2869
0,0,0.28757
0,0,0.28823
0,0,0.28889
0,0,0.28955
0,0,0.29021
0,0,0.29087
0,0,0.29153
0,0,0.2922
0,0,0.29286
0,0,0.29352
0,0,0.29419
0,0,0.29485
0,0,0.29551
0,0,0.29618
0,0,0.29684
0,0,0.29751
0,0,0.29817
0,0,0.29884
0,0,0.2995
0,0,0.30017
0,0,0.30083
0,0,0.3015
0,0,0.30216
0,0,0.30283
0,0,0.30349
0,0,0.30416
0,0,0.30482
0,0,0.30548
0,0,0.30615
0,0,0.30681
0,0,0.30747
0,0,0.30814
0,0,0.3088
0,0,0.30946
0,0,0.31012
0,0,0.31078
0,0,0.31144
0,0,0.3121
0,0,0.31276
0,0,0.31342
0,0,0.31408
0,0,0.31474
0,0,0.31539
0,0,0.31605
0,0,0.3167
0,0,0.31736
0,0,0.31801
0,0,0.31866
0,0,0.31932
0,0,0.31997
0,0,0.32062
0,0,0.32127
0,0,0.32192
0,0,0.32256
0,0,0.32321
0,0,0.32386
0,0,0.3245
0,0,0.32514
0,0,0.32579
0,0,0.32643
0,0,0.32707
0,0,0.32771
0,0,0.32835
0,0,0.32898
0,0,0.32962
0,0,0.33025
0,0,0.33089
0,0,0.33152
0,0,0.33215
0,0,0.33278
0,0,0.33341
0,0,0.33404
0,0,0.33467
0,0,0.33529
0,0,0.33592
0,0,0.33654
0,0,0.33716
0,0,0.33778
0,0,0.3384
0,0,0.33902
0,0,0.33964
0,0,0.34025
0,0,0.34087
0,0,0.34148
0,0,0.34209
0,0,0.3427
0,0,0.34331
0,0,0.34392
0,0,0.34453
0,0,0.34514
0,0,0.34574
0,0,0.34634
0,0,0.34695
0,0,0.34755
0,0,0.34815
0,0,0.34875
0,0,0.34935
0,0,0.34994
0,0,0.35054
0,0,0.35113
0,0,0.35172
0,0,0.35232
0,0,0.35291
0,0,0.3535
0,0,0.35409
0,0,0.35467
0,0,0.35526
0,0,0.35585
0,0,0.35643
0,0,0.35701
0,0,0.3576
0,0,0.35818
0,0,0.35876
0,0,0.35934
0,0,0.35992
0,0,0.3605
0,0,0.36107
0,0,0.36165
0,0,0.36223
0,0,0.3628
0,0,0.36337
0,0,0.36395
0,0,0.36452
0,0,0.36509
0,0,0.36566
0,0,0.36624
0,0,0.36681
0,0,0.36738
0,0,0.36795
0,0,0.36851
0,0,0.36908
0,0,0.36965
0,0,0.37022
0,0,0.37079
0,0,0.37135
0,0,0.37192
0,0,0.37249
0,0,0.37305
0,0,0.37362
0,0,0.37419
0,0,0.37475
0,0,0.37532
0,0,0.37588
0,0,0.37645
0,0,0.37702
0,0,0.37758
0,0,0.37815
0,0,0.37872
0,0,0.37929
0,0,0.37985
0,0,0.38042
0,0,0.38099
0,0,0.38156
0,0,0.38213
0,0,0.3827
0,0,0.38327
0,0,0.38384
0,0,0.38442
0,0,0.38499
0,0,0.38557
0,0,0.38614
0,0,0.38672
0,0,0.3873
0,0,0.38787
0,0,0.38846
0,0,0.38904
0,0,0.38962
0,0,0.3902
0,0,0.39079
0,0,0.39138
0,0,0.39197
0,0,0.39255
0,0,0.39314
0,0,0.39373
0,0,0.39432
0,0,0.39491
0,0,0.39549
0,0,0.39608
0,0,0.39667
0,0,0.39725
0,0,0.39784
0,0,0.39843
0,0,0.39901
0,0,0.3996
0,0,0.40018
0,0,0.40077
0,0,0.40135
0,0,0.40193
0,0,0.40251
0,0,0.4031
0,0,0.40368
0,0,0.40426
0,0,0.40483
0,0,0.40541
0,0,0.40599
0,0,0.40656
0,0,0.40714
0,0,0.40771
0,0,0.40828
0,0,0.40885
0,0,0.40942
0,0,0.40999
0,0,0.41056
0,0,0.41112
0,0,0.41169
0,0,0.41225
0,0,0.41281
0,0,0.41337
0,0,0.41393
0,0,0.41448
0,0,0.41504
0,0,0.41559
0,0,0.41614
0,0,0.41669
0,0,0.41724
0,0,0.41779
0,0,0.41833
0,0,0.41888
0,0,0.41942
0,0,0.41996
0,0,0.4205
0,0,0.42103
0,0,0.42157
0,0,0.4221
0,0,0.42263
0,0,0.42316
0,0,0.42368
0,0,0.42421
0,0,0.42473
0,0,0.42525
0,0,0.42577
0,0,0.42629
0,0,0.4268
0,0,0.42731
0,0,0.42783
0,0,0.42833
0,0,0.42884
0,0,0.42935
0,0,0.42985
0,0,0.43035
0,0,0.43085
0,0,0.43135
0,0,0.43184
0,0,0.43233
0,0,0.43283
0,0,0.43331
0,0,0.4338
0,0,0.43429
0,0,0.43477
0,0,0.43525
0,0,0.43573
0,0,0.43621
0,0,0.43668
0,0,0.43716
0,0,0.43763
0,0,0.4381
0,0,0.43857
0,0,0.43903
0,0,0.4395
0,0,0.43996
0,0,0.44042
0,0,0.44088
0,0,0.44133
0,0,0.44179
0,0,0.44224
0,0,0.4427
0,0,0.44315
0,0,0.4436
0,0,0.44404
0,0,0.44449
0,0,0.44493
0,0,0.44538
0,0,0.44582
0,0,0.44626
0,0,0.44669
0,0,0.44713
0,0,0.44757
0,0,0.448
0,0,0.44844
0,0,0.44887
0,0,0.4493
0,0,0.44973
0,0,0.45016
0,0,0.45058
0,0,0.45101
0,0,0.45144
0,0,0.45186
0,0,0.45229
0,0,0.45271
0,0,0.45313
0,0,0.45355
0,0,0.45397
0,0,0.45439
0,0,0.45481
0,0,0.45523
0,0,0.45565
0,0,0.45607
0,0,0.45649
0,0,0.45691
0,0,0.45733
0,0,0.45775
0,0,0.45816
0,0,0.45858
0,0,0.459
0,0,0.45942
0,0,0.45984
0,0,0.46026
0,0,0.46067
0,0,0.46109
0,0,0.46151
0,0,0.46194
0,0,0.46236
0,0,0.46278
0,0,0.4632
0,0,0.46363
0,0,0.46405
0,0,0.46448
0,0,0.4649
0,0,0.46533
0,0,0.46576
0,0,0.46619
0,0,0.46662
0,0,0.46706
0,0,0.46749
0,0,0.46793
0,0,0.46837
0,0,0.46881
0,0,0.46925
0,0,0.4697
0,0,0.47015
0,0,0.4706
0,0,0.47105
0,0,0.4715
0,0,0.47195
0,0,0.4724
0,0,0.47284
0,0,0.47329
0,0,0.47374
0,0,0.47418
0,0,0.47463
0,0,0.47507
0,0,0.47552
0,0,0.47596
0,0,0.4764
0,0,0.47685
0,0,0.47729
0,0,0.47773
0,0,0.47817
0,0,0.47861
0,0,0.47905
0,0,0.47948
0,0,0.47992
0,0,0.48036
0,0,0.48079
0,0,0.48123
0,0,0.48166
0,0,0.4821
0,0,0.48253
0,0,0.48297
0,0,0.4834
0,0,0.48383
0,0,0.48426
0,0,0.48469
0,0,0.48513
0,0,0.48556
0,0,0.48599
0,0,0.48641
0,0,0.48684
0,0,0.48727
0,0,0.4877
0,0,0.48813
0,0,0.48855
0,0,0.48898
0,0,0.48941
0,0,0.48983
0,0,0.49026
0,0,0.49068
0,0,0.49111
0,0,0.49153
0,0,0.49195
0,0,0.49238
0,0,0.4928
0,0,0.49322
0,0,0.49364
0,0,0.49406
0,0,0.49448
0,0,0.4949
0,0,0.49532
0,0,0.49574
0,0,0.49616
0,0,0.49658
0,0,0.497
0,0,0.49742
0,0,0.49783
0,0,0.49825
0,0,0.49867
0,0,0.49909
0,0,0.4995
0,0,0.49992
0,0,0.50033
0,0,0.50075
0,0,0.50116
0,0,0.50158
0,0,0.50199
0,0,0.5024
0,0,0.50282
0,0,0.50323
0,0,0.50364
0,0,0.50405
0,0,0.50446
0,0,0.50488
0,0,0.50529
0,0,0.5057
0,0,0.50611
0,0,0.50652
0,0,0.50692
0,0,0.50733
0,0,0.50774
0,0,0.50815
0,0,0.50856
0,0,0.50896
0,0,0.50937
0,0,0.50978
0,0,0.51018
0,0,0.51059
0,0,0.51099
0,0,0.5114
0,0,0.5118
0,0,0.51221
0,0,0.51261
0,0,0.51301
0,0,0.51342
0,0,0.51382
0,0,0.51422
0,0,0.51462
0,0,0.51502
0,0,0.51542
0,0,0.51582
0,0,0.51622
0,0,0.51662
0,0,0.51702
0,0,0.51742
0,0,0.51782
0,0,0.51821
0,0,0.51861
0,0,0.519
0,0,0.5194
0,0,0.5198
0,0,0.52019
0,0,0.52058
0,0,0.52098
0,0,0.52137
0,0,0.52176
0,0,0.52215
0,0,0.52254
0,0,0.52293
0,0,0.52332
0,0,0.52371
0,0,0.5241
0,0,0.52449
0,0,0.52488
0,0,0.52526
0,0,0.52565
0,0,0.52604
0,0,0.52642
0,0,0.5268
0,0,0.52719
0,0,0.52757
0,0,0.52795
0,0,0.52833
0,0,0.52871
0,0,0.52909
0,0,0.52947
0,0,0.52985
0,0,0.53023
0,0,0.53061
0,0,0.53098
0,0,0.53136
0,0,0.53173
0,0,0.5321
0,0,0.53248
0,0,0.53285
0,0,0.53322
0,0,0.53359
0,0,0.53396
0,0,0.53433
0,0,0.53469
0,0,0.53506
0,0,0.53542
0,0,0.53579
0,0,0.53615
0,0,0.53651
0,0,0.53687
0,0,0.53723
0,0,0.53759
0,0,0.53795
0,0,0.53831
0,0,0.53866
0,0,0.53902
0,0,0.53937
0,0,0.53972
0,0,0.54008
0,0,0.54043
0,0,0.54078
0,0,0.54112
0,0,0.54147
0,0,0.54181
0,0,0.54216
0,0,0.5425
0,0,0.54284
0,0,0.54318
0,0,0.54352
0,0,0.54386
0,0,0.54419
0,0,0.54453
0,0,0.54486
0,0,0.5452
0,0,0.54553
0,0,0.54587
0,0,0.54621
0,0,0.54656
0,0,0.5469
0,0,0.54725
0,0,0.54759
0,0,0.54794
0,0,0.54829
0,0,0.54864
0,0,0.54899
0,0,0.54935
0,0,0.5497
0,0,0.55006
0,0,0.55042
0,0,0.55078
0,0,0.55113
0,0,0.55149
0,0,0.55186
0,0,0.55222
0,0,0.55258
0,0,0.55295
0,0,0.55331
0,0,0.55368
0,0,0.55404
0,0,0.55441
0,0,0.55477
0,0,0.55514
0,0,0.55551
0,0,0.55588
0,0,0.55625
0,0,0.55662
0,0,0.55699
0,0,0.55736
0,0,0.55773
0,0,0.5581
0,0,0.55847
0,0,0.55884
0,0,0.55921
0,0,0.55958
0,0,0.55996
0,0,0.56033
0,0,0.5607
0,0,0.56107
0,0,0.56144
0,0,0.56181
0,0,0.56218
0,0,0.56255
0,0,0.56292
0,0,0.56329
0,0,0.56366
0,0,0.56403
0,0,0.5644
0,0,0.56477
0,0,0.56514
0,0,0.56551
0,0,0.56588
0,0,0.56624
0,0,0.56661
0,0,0.56697
0,0,0.56734
0,0,0.56771
0,0,0.56807
0,0,0.56843
0,0,0.5688
0,0,0.56916
0,0,0.56952
0,0,0.56988
0,0,0.57024
0,0,0.5706
0,0,0.57096
0,0,0.57131
0,0,0.57167
0,0,0.57203
0,0,0.57238
0,0,0.57274
0,0,0.57309
0,0,0.57344
0,0,0.57379
0,0,0.57414
0,0,0.57449
0,0,0.57484
0,0,0.57519
0,0,0.57553
0,0,0.57588
0,0,0.57622
0,0,0.57656
0,0,0.5769
0,0,0.57724
0,0,0.57758
0,0,0.57792
0,0,0.57826
0,0,0.57859
0,0,0.57893
0,0,0.57926
0,0,0.57959
0,0,0.57992
0,0,0.58025
0,0,0.58058
0,0,0.58091
0,0,0.58123
0,0,0.58156
0,0,0.58188
0,0,0.5822
0,0,0.58252
0,0,0.58284
0,0,0.58316
0,0,0.58348
0,0,0.58379
0,0,0.58411
0,0,0.58442
0,0,0.58473
0,0,0.58504
0,0,0.58535
0,0,0.58566
0,0,0.58596
0,0,0.58627
0,0,0.58657
0,0,0.58687
0,0,0.58717
0,0,0.58747
0,0,0.58777
0,0,0.58807
0,0,0.58836
0,0,0.58866
0,0,0.58895
0,0,0.58924
0,0,0.58953
0,0,0.58982
0,0,0.59011
0,0,0.59039
0,0,0.59068
0,0,0.59096
0,0,0.59125
0,0,0.59153
0,0,0.59181
0,0,0.59209
0,0,0.59236
0,0,0.59264
0,0,0.59291
0,0,0.59319
0,0,0.59346
0,0,0.59373
0,0,0.594
0,0,0.59427
0,0,0.59454
0,0,0.59481
0,0,0.59508
0,0,0.59534
0,0,0.5956
0,0,0.59587
0,0,0.59613
0,0,0.59639
0,0,0.59665
0,0,0.59691
0,0,0.59717
0,0,0.59742
0,0,0.59768
0,0,0.59794
0,0,0.59819
0,0,0.59844
0,0,0.5987
0,0,0.59895
0,0,0.5992
0,0,0.59945
0,0,0.5997
0,0,0.59995
0,0,0.6002
0,0,0.60045
0,0,0.60069
0,0,0.60094
0,0,0.60119
0,0,0.60143
0,0,0.60168
0,0,0.60192
0,0,0.60217
0,0,0.60241
0,0,0.60266
0,0,0.6029
0,0,0.60314
0,0,0.60338
0,0,0.60363
0,0,0.60387
0,0,0.60411
0,0,0.60435
0,0,0.60459
0,0,0.60484
0,0,0.60508
0,0,0.60532
0,0,0.60556
0,0,0.6058
0,0,0.60605
0,0,0.60629
0,0,0.60653
0,0,0.60677
0,0,0.60702
0,0,0.60726
0,0,0.6075
0,0,0.60775
0,0,0.60799
0,0,0.60824
0,0,0.60848
0,0,0.60873
0,0,0.60897
0,0,0.60922
0,0,0.60947
0,0,0.60972
0,0,0.60997
0,0,0.61022
0,0,0.61047
0,0,0.61072
0,0,0.61098
0,0,0.61123
0,0,0.61149
0,0,0.61174
0,0,0.612
0,0,0.61226
0,0,0.61252
0,0,0.61278
0,0,0.61305
0,0,0.61331
0,0,0.61358
0,0,0.61385
0,0,0.61412
0,0,0.61439
0,0,0.61466
0,0,0.61494
0,0,0.61522
0,0,0.61549
0,0,0.61578
0,0,0.61606
0,0,0.61634
0,0,0.61663
0,0,0.61692
0,0,0.6172
0,0,0.61749
0,0,0.61777
0,0,0.61806
0,0,0.61834
0,0,0.61863
0,0,0.61892
0,0,0.6192
0,0,0.61948
0,0,0.61977
0,0,0.62005
0,0,0.62034
0,0,0.62062
0,0,0.6209
0,0,0.62119
0,0,0.62147
0,0,0.62175
0,0,0.62204
0,0,0.62232
0,0,0.6226
0,0,0.62288
0,0,0.62316
0,0,0.62344
0,0,0.62372
0,0,0.624
0,0,0.62428
0,0,0.62456
0,0,0.62483
0,0,0.62511
0,0,0.62539
0,0,0.62567
0,0,0.62594
0,0,0.62622
0,0,0.62649
0,0,0.62677
0,0,0.62704
0,0,0.62731
0,0,0.62758
0,0,0.62786
0,0,0.62813
0,0,0.6284
0,0,0.62867
0,0,0.62894
0,0,0.62921
0,0,0.62947
0,0,0.62974
0,0,0.63001
0,0,0.63027
0,0,0.63054
0,0,0.6308
0,0,0.63107
0,0,0.63133
0,0,0.63159
0,0,0.63185
0,0,0.63211
0,0,0.63237
0,0,0.63263
0,0,0.63289
0,0,0.63315
0,0,0.63341
0,0,0.63366
0,0,0.63392
0,0,0.63417
0,0,0.63442
0,0,0.63468
0,0,0.63493
0,0,0.63518
0,0,0.63543
0,0,0.63568
0,0,0.63592
0,0,0.63617
0,0,0.63642
0,0,0.63666
0,0,0.6369
0,0,0.63715
0,0,0.63739
0,0,0.63763
0,0,0.63787
0,0,0.63811
0,0,0.63835
0,0,0.63859
0,0,0.63882
0,0,0.63906
0,0,0.63929
0,0,0.63953
0,0,0.63976
0,0,0.63999
0,0,0.64022
0,0,0.64045
0,0,0.64068
0,0,0.6409
0,0,0.64113
0,0,0.64135
0,0,0.64158
0,0,0.6418
0,0,0.64202
0,0,0.64224
0,0,0.64246
0,0,0.64268
0,0,0.6429
0,0,0.64311
0,0,0.64333
0,0,0.64354
0,0,0.64375
0,0,0.64397
0,0,0.64418
0,0,0.64439
0,0,0.64459
0,0,0.6448
0,0,0.64501
0,0,0.64521
0,0,0.64542
0,0,0.64562
0,0,0.64582
0,0,0.64602
0,0,0.64622
0,0,0.64642
0,0,0.64661
0,0,0.64681
0,0,0.647
0,0,0.6472
0,0,0.64739
0,0,0.64758
0,0,0.64777
0,0,0.64796
0,0,0.64815
0,0,0.64833
0,0,0.64852
0,0,0.6487
0,0,0.64888
0,0,0.64907
0,0,0.64925
0,0,0.64943
0,0,0.6496
0,0,0.64978
0,0,0.64996
0,0,0.65013
0,0,0.6503
0,0,0.65048
0,0,0.65065
0,0,0.65082
0,0,0.65099
0,0,0.65115
0,0,0.65132
0,0,0.65149
0,0,0.65165
0,0,0.65181
0,0,0.65197
0,0,0.65213
0,0,0.65229
0,0,0.65245
0,0,0.65261
0,0,0.65276
0,0,0.65292
0,0,0.65307
0,0,0.65323
0,0,0.65338
0,0,0.65353
0,0,0.65368
0,0,0.65382
0,0,0.65397
0,0,0.65412
0,0,0.65426
0,0,0.6544
0,0,0.65455
0,0,0.65469
0,0,0.65483
0,0,0.65497
0,0,0.6551
0,0,0.65524
0,0,0.65538
0,0,0.65551
0,0,0.65564
0,0,0.65578
0,0,0.65591
0,0,0.65604
0,0,0.65617
0,0,0.65629
0,0,0.65642
0,0,0.65655
0,0,0.65667
0,0,0.6568
0,0,0.65692
0,0,0.65704
0,0,0.65716
0,0,0.65728
0,0,0.6574
0,0,0.65752
0,0,0.65763
0,0,0.65775
0,0,0.65787
0,0,0.65798
0,0,0.65809
0,0,0.6582
0,0,0.65832
0,0,0.65843
0,0,0.65853
0,0,0.65864
0,0,0.65875
0,0,0.65886
0,0,0.65896
0,0,0.65907
0,0,0.65917
0,0,0.65927
0,0,0.65937
0,0,0.65948
0,0,0.65958
0,0,0.65968
0,0,0.65977
0,0,0.65987
0,0,0.65997
0,0,0.66007
0,0,0.66016
0,0,0.66026
0,0,0.66035
0,0,0.66044
0,0,0.66053
0,0,0.66063
0,0,0.66072
0,0,0.66081
0,0,0.6609
0,0,0.66099
0,0,0.66107
0,0,0.66116
0,0,0.66125
0,0,0.66133
0,0,0.66142
0,0,0.6615
0,0,0.66159
0,0,0.66167
0,0,0.66175
0,0,0.66184
0,0,0.66192
0,0,0.662
0,0,0.66208
0,0,0.66216
0,0,0.66224
0,0,0.66232
0,0,0.6624
0,0,0.66248
0,0,0.66256
0,0,0.66263
0,0,0.66271
0,0,0.66279
0,0,0.66286
0,0,0.66294
0,0,0.66301
0,0,0.66309
0,0,0.66316
0,0,0.66324
0,0,0.66331
0,0,0.66338
0,0,0.66346
0,0,0.66353
0,0,0.6636
0,0,0.66368
0,0,0.66375
0,0,0.66382
0,0,0.66389
0,0,0.66396
0,0,0.66404
0,0,0.66411
0,0,0.66418
0,0,0.66425
0,0,0.66432
0,0,0.66439
0,0,0.66446
0,0,0.66453
0,0,0.66461
0,0,0.66468
0,0,0.66475
0,0,0.66482
0,0,0.66489
0,0,0.66496
0,0,0.66503
0,0,0.6651
0,0,0.66517
0,0,0.66525
0,0,0.66532
0,0,0.66539
0,0,0.66546
0,0,0.66553
0,0,0.6656
0,0,0.66568
0,0,0.66575
0,0,0.66582
0,0,0.6659
0,0,0.66597
0,0,0.66604
0,0,0.66612
0,0,0.66619
0,0,0.66627
0,0,0.66634
0,0,0.66642
0,0,0.6665
0,0,0.66657
0,0,0.66665
0,0,0.66673
0,0,0.66681
0,0,0.66689
0,0,0.66697
0,0,0.66705
0,0,0.66713
0,0,0.66721
0,0,0.66729
0,0,0.66737
0,0,0.66746
0,0,0.66754
0,0,0.66763
0,0,0.66771
0,0,0.6678
0,0,0.66789
0,0,0.66797
0,0,0.66806
0,0,0.66815
0,0,0.66824
0,0,0.66834
0,0,0.66843
0,0,0.66852
0,0,0.66862
0,0,0.66871
0,0,0.66881
0,0,0.66891
0,0,0.66901
0,0,0.66911
0,0,0.66921
0,0,0.66931
0,0,0.66942
0,0,0.66952
0,0,0.66963
0,0,0.66973
0,0,0.66984
0,0,0.66995
0,0,0.67007
0,0,0.67018
0,0,0.67029
0,0,0.67041
0,0,0.67052
0,0,0.67064
0,0,0.67076
0,0,0.67088
0,0,0.671
0,0,0.67112
0,0,0.67124
0,0,0.67136
0,0,0.67148
0,0,0.6716
0,0,0.67173
0,0,0.67185
0,0,0.67198
0,0,0.6721
0,0,0.67223
0,0,0.67235
0,0,0.67248
0,0,0.67261
0,0,0.67274
0,0,0.67287
0,0,0.673
0,0,0.67313
0,0,0.67326
0,0,0.6734
0,0,0.67353
0,0,0.67366
0,0,0.6738
0,0,0.67393
0,0,0.67406
0,0,0.6742
0,0,0.67434
0,0,0.67447
0,0,0.67461
0,0,0.67475
0,0,0.67489
0,0,0.67502
0,0,0.67516
0,0,0.6753
0,0,0.67544
0,0,0.67558
0,0,0.67572
0,0,0.67587
0,0,0.67601
0,0,0.67615
0,0,0.67629
0,0,0.67643
0,0,0.67658
0,0,0.67672
0,0,0.67686
0,0,0.67701
0,0,0.67715
0,0,0.6773
0,0,0.67744
0,0,0.67759
0,0,0.67774
0,0,0.67788
0,0,0.67803
0,0,0.67818
0,0,0.67832
0,0,0.67847
0,0,0.67862
0,0,0.67877
0,0,0.67891
0,0,0.67906
0,0,0.67921
0,0,0.67936
0,0,0.67951
0,0,0.67966
0,0,0.67981
0,0,0.67996
0,0,0.68011
0,0,0.68026
0,0,0.68041
0,0,0.68056
0,0,0.68071
0,0,0.68086
0,0,0.68101
0,0,0.68116
0,0,0.68131
0,0,0.68146
0,0,0.68161
0,0,0.68176
0,0,0.68191
0,0,0.68206
0,0,0.68222
0,0,0.68237
0,0,0.68252
0,0,0.68267
0,0,0.68282
0,0,0.68297
0,0,0.68312
0,0,0.68328
0,0,0.68343
0,0,0.68358
0,0,0.68373
0,0,0.68388
0,0,0.68404
0,0,0.68419
0,0,0.68434
0,0,0.68449
0,0,0.68464
0,0,0.68479
0,0,0.68494
0,0,0.6851
0,0,0.68525
0,0,0.6854
0,0,0.68555
0,0,0.6857
0,0,0.68585
0,0,0.686
0,0,0.68615
0,0,0.6863
0,0,0.68645
0,0,0.6866
0,0,0.68676
0,0,0.68691
0,0,0.68706
0,0,0.68721
0,0,0.68735
0,0,0.6875
0,0,0.68765
0,0,0.6878
0,0,0.68795
0,0,0.6881
0,0,0.68825
0,0,0.6884
0,0,0.68855
0,0,0.68869
0,0,0.68884
0,0,0.68899
0,0,0.68914
0,0,0.68928
0,0,0.68943
0,0,0.68958
0,0,0.68973
0,0,0.68987
0,0,0.69002
0,0,0.69016
0,0,0.69031
0,0,0.69045
0,0,0.6906
0,0,0.69074
0,0,0.69089
0,0,0.69103
0,0,0.69118
0,0,0.69132
0,0,0.69146
0,0,0.69161
0,0,0.69175
0,0,0.69189
0,0,0.69203
0,0,0.69218
0,0,0.69232
0,0,0.69246
0,0,0.6926
0,0,0.69274
0,0,0.69288
0,0,0.69302
0,0,0.69316
0,0,0.6933
0,0,0.69344
0,0,0.69357
0,0,0.69371
0,0,0.69385
0,0,0.69399
0,0,0.69412
0,0,0.69426
0,0,0.6944
0,0,0.69453
0,0,0.69467
0,0,0.6948
0,0,0.69494
0,0,0.69507
0,0,0.69521
0,0,0.69534
0,0,0.69547
0,0,0.69561
0,0,0.69574
0,0,0.69587
0,0,0.696
0,0,0.69613
0,0,0.69626
0,0,0.69639
0,0,0.69652
0,0,0.69665
0,0,0.69678
0,0,0.69691
0,0,0.69704
0,0,0.69716
0,0,0.69729
0,0,0.69742
0,0,0.69754
0,0,0.69767
0,0,0.69779
0,0,0.69792
0,0,0.69804
0,0,0.69817
0,0,0.69829
0,0,0.69841
0,0,0.69854
0,0,0.69866
0,0,0.69878
0,0,0.6989
0,0,0.69902
0,0,0.69914
0,0,0.69926
0,0,0.69938
0,0,0.6995
0,0,0.69962
0,0,0.69973
0,0,0.69985
0,0,0.69997
0,0,0.70008
0,0,0.7002
0,0,0.70032
0,0,0.70043
0,0,0.70054
0,0,0.70066
0,0,0.70077
0,0,0.70088
0,0,0.701
0,0,0.70111
0,0,0.70122
0,0,0.70133
0,0,0.70144
0,0,0.70155
0,0,0.70166
0,0,0.70177
0,0,0.70188
0,0,0.70198
0,0,0.70209
0,0,0.7022
0,0,0.7023
0,0,0.70241
0,0,0.70251
0,0,0.70262
0,0,0.70272
0,0,0.70283
0,0,0.70293
0,0,0.70303
0,0,0.70314
0,0,0.70324
0,0,0.70334
0,0,0.70344
0,0,0.70354
0,0,0.70364
0,0,0.70374
0,0,0.70384
0,0,0.70393
0,0,0.70403
0,0,0.70413
0,0,0.70423
0,0,0.70432
0,0,0.70442
0,0,0.70451
0,0,0.70461
0,0,0.7047
0,0,0.70479
0,0,0.70489
0,0,0.70498
0,0,0.70507
0,0,0.70516
0,0,0.70525
0,0,0.70534
0,0,0.70543
0,0,0.70552
0,0,0.70561
0,0,0.7057
0,0,0.70579
0,0,0.70588
0,0,0.70596
0,0,0.70605
0,0,0.70614
0,0,0.70622
0,0,0.70631
0,0,0.70639
0,0,0.70648
0,0,0.70656
0,0,0.70664
0,0,0.70673
0,0,0.70681
0,0,0.70689
0,0,0.70697
0,0,0.70705
0,0,0.70713
0,0,0.70721
0,0,0.70729
0,0,0.70737
0,0,0.70745
0,0,0.70753
0,0,0.70761
0,0,0.70768
0,0,0.70776
0,0,0.70784
0,0,0.70791
0,0,0.70799
0,0,0.70806
0,0,0.70814
0,0,0.70821
0,0,0.70829
0,0,0.70836
0,0,0.70843
0,0,0.70851
0,0,0.70858
0,0,0.70865
0,0,0.70872
0,0,0.70879
0,0,0.70886
0,0,0.70893
0,0,0.709
0,0,0.70907
0,0,0.70914
0,0,0.70921
0,0,0.70928
0,0,0.70934
0,0,0.70941
0,0,0.70948
0,0,0.70955
0,0,0.70961
0,0,0.70968
0,0,0.70974
0,0,0.70981
0,0,0.70987
0,0,0.70994
0,0,0.71
0,0,0.71007
0,0,0.71013
0,0,0.71019
0,0,0.71026
0,0,0.71032
0,0,0.71038
0,0,0.71044
0,0,0.7105
0,0,0.71057
0,0,0.71063
0,0,0.7107
0,0,0.71077
0,0,0.71086
0,0,0.71096
0,0,0.71107
0,0,0.71119
0,0,0.71132
0,0,0.71145
0,0,0.7116
0,0,0.71175
0,0,0.71192
0,0,0.71209
0,0,0.71227
0,0,0.71246
0,0,0.71265
0,0,0.71286
0,0,0.71307
0,0,0.71329
0,0,0.71351
0,0,0.71375
0,0,0.71399
0,0,0.71423
0,0,0.71448
0,0,0.71474
0,0,0.71501
0,0,0.71528
0,0,0.71555
0,0,0.71583
0,0,0.71612
0,0,0.71641
0,0,0.71671
0,0,0.71701
0,0,0.71731
0,0,0.71762
0,0,0.71793
0,0,0.71825
0,0,0.71857
0,0,0.71889
0,0,0.71922
0,0,0.71955
0,0,0.71989
0,0,0.72022
0,0,0.72056
0,0,0.7209
0,0,0.72125
0,0,0.72159
0,0,0.72194
0,0,0.72229
0,0,0.72264
0,0,0.723
0,0,0.72335
0,0,0.72371
0,0,0.72406
0,0,0.72442
0,0,0.72478
0,0,0.72514
0,0,0.72549
0,0,0.72585
0,0,0.72621
0,0,0.72657
0,0,0.72693
0,0,0.72729
0,0,0.72764
0,0,0.728
0,0,0.72836
0,0,0.72871
0,0,0.72906
0,0,0.72942
0,0,0.72977
0,0,0.73012
0,0,0.73046
0,0,0.73081
0,0,0.73115
0,0,0.73149
0,0,0.73183
0,0,0.73216
0,0,0.7325
0,0,0.73283
0,0,0.73315
0,0,0.73348
0,0,0.7338
0,0,0.73412
0,0,0.73443
0,0,0.73474
0,0,0.73505
0,0,0.73535
0,0,0.73565
0,0,0.73594
0,0,0.73623
0,0,0.73651
0,0,0.73679
0,0,0.73707
0,0,0.73734
0,0,0.73761
0,0,0.73787
0,0,0.73812
0,0,0.73837
0,0,0.73862
0,0,0.73886
0,0,0.73909
0,0,0.73932
0,0,0.73954
0,0,0.73976
0,0,0.73996
0,0,0.74017
0,0,0.74036
0,0,0.74055
0,0,0.74074
0,0,0.74091
0,0,0.74108
0,0,0.74125
0,0,0.7414
0,0,0.74155
0,0,0.74169
0,0,0.74183
0,0,0.74195
0,0,0.74207
0,0,0.74218
0,0,0.74228
0,0,0.74238
0,0,0.74247
0,0,0.74255
0,0,0.74262
0,0,0.74268
0,0,0.74273
0,0,0.74278
0,0,0.74282
0,0,0.74285
0,0,0.74287
0,0,0.74288
0,0,0.74288
0,0,0.74287
0,0,0.74286
0,0,0.74283
0,0,0.7428
0,0,0.74275
0,0,0.7427
0,0,0.74264
0,0,0.74256
0,0,0.74248
0,0,0.74239
0,0,0.74229
0,0,0.74218
0,0,0.74206
0,0,0.74193
0,0,0.74179
0,0,0.74163
0,0,0.74147
0,0,0.7413
0,0,0.74112
0,0,0.74093
0,0,0.74072
0,0,0.74051
0,0,0.74029
0,0,0.74005
0,0,0.73981
0,0,0.73955
0,0,0.73929
0,0,0.73901
0,0,0.73872
0,0,0.73842
0,0,0.73811
0,0,0.73779
0,0,0.73746
0,0,0.73712
0,0,0.73676
0,0,0.7364
0,0,0.73602
0,0,0.73564
0,0,0.73524
0,0,0.73483
0,0,0.7344
0,0,0.73397
0,0,0.73353
0,0,0.73307
0,0,0.73261
0,0,0.73213
0,0,0.73164
0,0,0.73114
0,0,0.73062
0,0,0.7301
0,0,0.72956
0,0,0.72901
0,0,0.72845
0,0,0.72788
0,0,0.7273
0,0,0.72671
0,0,0.7261
0,0,0.72548
0,0,0.72485
0,0,0.72421
0,0,0.72356
0,0,0.7229
0,0,0.72222
0,0,0.72153
0,0,0.72083
0,0,0.72012
0,0,0.7194
0,0,0.71867
0,0,0.71792
0,0,0.71716
0,0,0.71639
0,0,0.71561
0,0,0.71482
0,0,0.71401
0,0,0.7132
0,0,0.71237
0,0,0.71153
0,0,0.71068
0,0,0.70982
0,0,0.70895
0,0,0.70806
0,0,0.70716
0,0,0.70626
0,0,0.70534
0,0,0.7044
0,0,0.70346
0,0,0.70251
0,0,0.70154
0,0,0.70057
0,0,0.69958
0,0,0.69858
0,0,0.69757
0,0,0.69655
0,0,0.69552
0,0,0.69448
0,0,0.69342
0,0,0.69236
0,0,0.69128
0,0,0.69019
0,0,0.6891
0,0,0.68799
0,0,0.68687
0,0,0.68574
0,0,0.6846
0,0,0.68345
0,0,0.68228
0,0,0.68111
0,0,0.67993
0,0,0.67874
0,0,0.67753
0,0,0.67632
0,0,0.6751
0,0,0.67386
0,0,0.67262
0,0,0.67137
0,0,0.6701
0,0,0.66883
0,0,0.66755
0,0,0.66625
0,0,0.66495
0,0,0.66364
0,0,0.66232
0,0,0.66099
0,0,0.65965
0,0,0.6583
0,0,0.65694
0,0,0.65557
0,0,0.65419
0,0,0.65281
0,0,0.65141
0,0,0.65001
0,0,0.64859
0,0,0.64717
0,0,0.64574
0,0,0.64431
0,0,0.64286
0,0,0.64141
0,0,0.63994
0,0,0.63847
0,0,0.63699
0,0,0.63551
0,0,0.63401
0,0,0.63251
0,0,0.631
0,0,0.62948
0,0,0.62796
0,0,0.62642
0,0,0.62489
0,0,0.62334
0,0,0.62178
0,0,0.62022
0,0,0.61866
0,0,0.61708
0,0,0.6155
0,0,0.61391
0,0,0.61232
0,0,0.61072
0,0,0.60911
0,0,0.6075
0,0,0.60588
0,0,0.60426
0,0,0.60263
0,0,0.60099
0,0,0.59935
0,0,0.5977
0,0,0.59605
0,0,0.59439
0,0,0.59273
0,0,0.59106
0,0,0.58939
0,0,0.58771
0,0,0.58603
0,0,0.58435
0,0,0.58265
0,0,0.58096
0,0,0.57926
0,0,0.57756
0,0,0.57585
0,0,0.57414
0,0,0.57242
0,0,0.5707
0,0,0.56898
0,0,0.56726
0,0,0.56553
0,0,0.5638
0,0,0.56206
0,0,0.56032
0,0,0.55858
0,0,0.55684
0,0,0.5551
0,0,0.55335
0,0,0.5516
0,0,0.54985
0,0,0.54809
0,0,0.54634
0,0,0.54458
0,0,0.54282
0,0,0.54106
0,0,0.5393
0,0,0.53753
0,0,0.53577
0,0,0.534
0,0,0.53224
0,0,0.53047
0,0,0.5287
0,0,0.52693
0,0,0.52516
0,0,0.5234
0,0,0.52163
0,0,0.51986
0,0,0.51809
0,0,0.51632
0,0,0.51455
0,0,0.51279
0,0,0.51102
0,0,0.50925
0,0,0.50749
0,0,0.50572
0,0,0.50396
0,0,0.5022
0,0,0.50044
0,0,0.49868
0,0,0.49693
0,0,0.49517
0,0,0.49342
0,0,0.49167
0,0,0.48992
0,0,0.48817
0,0,0.48643
0,0,0.48469
0,0,0.48295
0,0,0.48122
0,0,0.47949
0,0,0.47776
0,0,0.47603
0,0,0.47431
0,0,0.47259
0,0,0.47088
0,0,0.46916
0,0,0.46746
0,0,0.46575
0,0,0.46406
0,0,0.46236
0,0,0.46067
0,0,0.45898
0,0,0.4573
0,0,0.45563
0,0,0.45396
0,0,0.45229
0,0,0.45063
0,0,0.44897
0,0,0.44732
0,0,0.44568
0,0,0.44404
0,0,0.44241
0,0,0.44078
0,0,0.43916
0,0,0.43755
0,0,0.43594
0,0,0.43434
0,0,0.43274
0,0,0.43115
0,0,0.42957
0,0,0.428
0,0,0.42643
0,0,0.42487
0,0,0.42332
0,0,0.42177
0,0,0.42023
0,0,0.4187
0,0,0.41718
0,0,0.41567
0,0,0.41416
0,0,0.41266
0,0,0.41117
0,0,0.40969
0,0,0.40822
0,0,0.40675
0,0,0.4053
0,0,0.40385
0,0,0.40242
0,0,0.40099
0,0,0.39957
0,0,0.39816
0,0,0.39676
0,0,0.39537
0,0,0.39399
0,0,0.39262
0,0,0.39126
0,0,0.38991
0,0,0.38857
0,0,0.38724
0,0,0.38592
0,0,0.38461
0,0,0.38331
0,0,0.38202
0,0,0.38075
0,0,0.37948
0,0,0.37823
0,0,0.37699
0,0,0.37575
0,0,0.37451
0,0,0.37328
0,0,0.37206
0,0,0.37083
0,0,0.36961
0,0,0.3684
0,0,0.36719
0,0,0.36598
0,0,0.36477
0,0,0.36357
0,0,0.36237
0,0,0.36118
0,0,0.35999
0,0,0.3588
0,0,0.35762
0,0,0.35644
0,0,0.35526
0,0,0.35409
0,0,0.35292
0,0,0.35175
0,0,0.35059
0,0,0.34943
0,0,0.34828
0,0,0.34713
0,0,0.34598
0,0,0.34483
0,0,0.34369
0,0,0.34256
0,0,0.34142
0,0,0.34029
0,0,0.33916
0,0,0.33804
0,0,0.33692
0,0,0.3358
0,0,0.33469
0,0,0.33358
0,0,0.33247
0,0,0.33137
0,0,0.33027
0,0,0.32917
0,0,0.32808
0,0,0.32699
0,0,0.3259
0,0,0.32482
0,0,0.32374
0,0,0.32266
0,0,0.32159
0,0,0.32052
0,0,0.31945
0,0,0.31839
0,0,0.31733
0,0,0.31627
0,0,0.31522
0,0,0.31417
0,0,0.31312
0,0,0.31208
0,0,0.31104
0,0,0.31
0,0,0.30897
0,0,0.30794
0,0,0.30691
0,0,0.30589
0,0,0.30487
0,0,0.30385
0,0,0.30283
0,0,0.30182
0,0,0.30081
0,0,0.29981
0,0,0.29881
0,0,0.29781
0,0,0.29681
0,0,0.29582
0,0,0.29483
0,0,0.29385
0,0,0.29286
0,0,0.29188
0,0,0.29091
0,0,0.28993
0,0,0.28896
0,0,0.28799
0,0,0.28703
0,0,0.28607
0,0,0.28511
0,0,0.28415
0,0,0.2832
0,0,0.28225
0,0,0.2813
0,0,0.28036
0,0,0.27942
0,0,0.27848
0,0,0.27755
0,0,0.27662
0,0,0.27569
0,0,0.27476
0,0,0.27384
0,0,0.27292
0,0,0.27201
0,0,0.27109
0,0,0.27018
0,0,0.26927
0,0,0.26837
0,0,0.26747
0,0,0.26657
0,0,0.26567
0,0,0.26478
0,0,0.26389
0,0,0.263
0,0,0.26212
0,0,0.26123
0,0,0.26035
0,0,0.25948
0,0,0.2586
0,0,0.25773
0,0,0.25687
0,0,0.256
0,0,0.25514
0,0,0.25428
0,0,0.25342
0,0,0.25257
0,0,0.25172
0,0,0.25087
0,0,0.25003
0,0,0.24918
0,0,0.24834
0,0,0.24751
0,0,0.24667
0,0,0.24584
0,0,0.24501
0,0,0.24418
0,0,0.24336
0,0,0.24254
0,0,0.24172
0,0,0.24091
0,0,0.24009
0,0,0.23928
0,0,0.23847
0,0,0.23767
0,0,0.23687
0,0,0.23607
0,0,0.23527
0,0,0.23448
0,0,0.23368
0,0,0.23289
0,0,0.23211
0,0,0.23132
0,0,0.23054
0,0,0.22976
0,0,0.22899
0,0,0.22821
0,0,0.22744
0,0,0.22667
0,0,0.22591
0,0,0.22514
0,0,0.22438
0,0,0.22362
0,0,0.22287
0,0,0.22211
0,0,0.22136
0,0,0.22061
0,0,0.21987
0,0,0.21912
0,0,0.21838
0,0,0.21764
0,0,0.21691
0,0,0.21617
0,0,0.21544
0,0,0.21471
0,0,0.21399
0,0,0.21326
0,0,0.21254
0,0,0.21182
0,0,0.21111
0,0,0.21039
0,0,0.20968
0,0,0.20897
0,0,0.20826
0,0,0.20756
0,0,0.20685
0,0,0.20615
0,0,0.20546
0,0,0.20476
0,0,0.20407
0,0,0.20338
0,0,0.20269
0,0,0.202
0,0,0.20132
0,0,0.20064
0,0,0.19996
0,0,0.19928
0,0,0.1986
0,0,0.19793
0,0,0.19726
0,0,0.19659
0,0,0.19593
0,0,0.19526
0,0,0.1946
0,0,0.19394
0,0,0.19328
0,0,0.19263
0,0,0.19198
0,0,0.19133
0,0,0.19068
0,0,0.19003
0,0,0.18939
0,0,0.18875
0,0,0.18811
0,0,0.18747
0,0,0.18683
0,0,0.1862
0,0,0.18557
0,0,0.18494
0,0,0.18432
0,0,0.18369
0,0,0.18307
0,0,0.18245
0,0,0.18183
0,0,0.18121
0,0,0.1806
0,0,0.17999
0,0,0.17938
0,0,0.17877
0,0,0.17816
0,0,0.17756
0,0,0.17696
0,0,0.17636
0,0,0.17576
0,0,0.17517
0,0,0.17457
0,0,0.17398
0,0,0.17339
0,0,0.1728
0,0,0.17222
0,0,0.17163
0,0,0.17105
0,0,0.17047
0,0,0.16989
0,0,0.16932
0,0,0.16875
0,0,0.16817
0,0,0.1676
0,0,0.16704
0,0,0.16647
0,0,0.16591
0,0,0.16534
0,0,0.16478
0,0,0.16422
0,0,0.16367
0,0,0.16311
0,0,0.16256
0,0,0.16201
0,0,0.16146
0,0,0.16091
0,0,0.16037
0,0,0.15983
0,0,0.15928
0,0,0.15874
0,0,0.15821
0,0,0.15767
0,0,0.15714
0,0,0.1566
0,0,0.15607
0,0,0.15555
0,0,0.15502
0,0,0.15449
0,0,0.15397
0,0,0.15345
0,0,0.15293
0,0,0.15241
0,0,0.15189
0,0,0.15138
0,0,0.15087
0,0,0.15036
0,0,0.14985
0,0,0.14934
0,0,0.14883
0,0,0.14833
0,0,0.14783
0,0,0.14733
0,0,0.14683
0,0,0.14633
0,0,0.14584
0,0,0.14534
0,0,0.14485
0,0,0.14436
0,0,0.14387
0,0,0.14338
0,0,0.1429
0,0,0.14241
0,0,0.14193
0,0,0.14145
0,0,0.14097
0,0,0.14049
0,0,0.14002
0,0,0.13954
0,0,0.13907
0,0,0.1386
0,0,0.13813
0,0,0.13766
0,0,0.1372
0,0,0.13673
0,0,0.13627
0,0,0.13581
0,0,0.13535
0,0,0.13489
0,0,0.13444
0,0,0.13398
0,0,0.13353
0,0,0.13308
0,0,0.13262
0,0,0.13218
0,0,0.13173
0,0,0.13128
0,0,0.13084
0,0,0.1304
0,0,0.12995
0,0,0.12951
0,0,0.12908
0,0,0.12864
0,0,0.1282
0,0,0.12777
0,0,0.12734
0,0,0.12691
0,0,0.12648
0,0,0.12605
0,0,0.12562
0,0,0.1252
0,0,0.12477
0,0,0.12435
0,0,0.12393
0,0,0.12351
0,0,0.12309
0,0,0.12268
0,0,0.12226
0,0,0.12185
0,0,0.12143
0,0,0.12102
0,0,0.12061
0,0,0.12021
0,0,0.1198
0,0,0.11939
0,0,0.11899
0,0,0.11859
0,0,0.11818
0,0,0.11778
0,0,0.11739
0,0,0.11699
0,0,0.11659
0,0,0.1162
0,0,0.1158
0,0,0.11541
0,0,0.11502
0,0,0.11463
0,0,0.11424
0,0,0.11386
0,0,0.11347
0,0,0.11309
0,0,0.1127
0,0,0.11232
0,0,0.11194
0,0,0.11156
0,0,0.11118
0,0,0.11081
0,0,0.11043
0,0,0.11006
0,0,0.10968
0,0,0.10931
0,0,0.10894
0,0,0.10857
0,0,0.1082
0,0,0.10784
0,0,0.10747
0,0,0.10711
0,0,0.10674
0,0,0.10638
0,0,0.10602
0,0,0.10566
0,0,0.1053
0,0,0.10495
0,0,0.10459
0,0,0.10424
0,0,0.10388
0,0,0.10353
0,0,0.10318
0,0,0.10283
0,0,0.10248
0,0,0.10213
0,0,0.10178
0,0,0.10144
0,0,0.10109
0,0,0.10075
0,0,0.10041
0,0,0.10007
0,0,0.099726
0,0,0.099387
0,0,0.099049
0,0,0.098712
0,0,0.098377
0,0,0.098042
0,0,0.097709
0,0,0.097376
0,0,0.097045
0,0,0.096714
0,0,0.096385
0,0,0.096057
0,0,0.09573
0,0,0.095404
0,0,0.095079
0,0,0.094755
0,0,0.094432
0,0,0.09411
0,0,0.093789
0,0,0.093469
0,0,0.093151
0,0,0.092833
0,0,0.092516
0,0,0.0922
0,0,0.091886
0,0,0.091572
0,0,0.091259
0,0,0.090947
0,0,0.090637
0,0,0.090327
0,0,0.090018
0,0,0.08971
0,0,0.089403
0,0,0.089097
0,0,0.088792
0,0,0.088488
0,0,0.088185
0,0,0.087883
0,0,0.087582
0,0,0.087282
0,0,0.086983
0,0,0.086684
0,0,0.086387
0,0,0.086091
0,0,0.085795
0,0,0.085501
0,0,0.085207
0,0,0.084914
0,0,0.084622
0,0,0.084331
0,0,0.084041
0,0,0.083752
0,0,0.083464
0,0,0.083176
0,0,0.08289
0,0,0.082604
0,0,0.082319
0,0,0.082035
0,0,0.081752
0,0,0.08147
0,0,0.081189
0,0,0.080908
0,0,0.080629
0,0,0.08035
0,0,0.080072
0,0,0.079795
0,0,0.079519
0,0,0.079243
0,0,0.078969
0,0,0.078695
0,0,0.078422
0,0,0.07815
0,0,0.077879
0,0,0.077608
0,0,0.077339
0,0,0.07707
0,0,0.076802
0,0,0.076534
0,0,0.076268
0,0,0.076002
0,0,0.075737
0,0,0.075473
0,0,0.07521
0,0,0.074947
0,0,0.074685
0,0,0.074424
0,0,0.074164
0,0,0.073905
0,0,0.073646
0,0,0.073388
0,0,0.073131
0,0,0.072874
0,0,0.072618
0,0,0.072363
0,0,0.072109
0,0,0.071855
0,0,0.071602
0,0,0.07135
0,0,0.071099
0,0,0.070849
0,0,0.070599
0,0,0.070351
0,0,0.070103
0,0,0.069856
0,0,0.06961
0,0,0.069365
0,0,0.069121
0,0,0.068877
0,0,0.068635
0,0,0.068393
0,0,0.068152
0,0,0.067912
0,0,0.067673
0,0,0.067435
0,0,0.067198
0,0,0.066961
0,0,0.066726
0,0,0.066491
0,0,0.066257
0,0,0.066024
0,0,0.065792
0,0,0.065561
0,0,0.065331
0,0,0.065101
0,0,0.064873
0,0,0.064645
0,0,0.064418
0,0,0.064192
0,0,0.063967
0,0,0.063742
0,0,0.063519
0,0,0.063296
0,0,0.063075
0,0,0.062854
0,0,0.062634
0,0,0.062414
0,0,0.062196
0,0,0.061979
0,0,0.061762
0,0,0.061546
0,0,0.061331
0,0,0.061117
0,0,0.060904
0,0,0.060691
0,0,0.06048
0,0,0.060269
0,0,0.060059
0,0,0.05985
0,0,0.059642
0,0,0.059434
0,0,0.059228
0,0,0.059022
0,0,0.058817
0,0,0.058613
0,0,0.05841
0,0,0.058207
0,0,0.058006
0,0,0.057805
0,0,0.057605
0,0,0.057406
0,0,0.057207
0,0,0.05701
0,0,0.056813
0,0,0.056617
0,0,0.056422
0,0,0.056228
0,0,0.056034
0,0,0.055842
0,0,0.05565
0,0,0.055459
0,0,0.055268
0,0,0.055079
0,0,0.05489
0,0,0.054702
0,0,0.054515
0,0,0.054329
0,0,0.054144
0,0,0.053959
0,0,0.053775
0,0,0.053592
0,0,0.053409
0,0,0.053228
0,0,0.053047
0,0,0.052867
0,0,0.052688
0,0,0.052509
0,0,0.052331
0,0,0.052154
0,0,0.051978
0,0,0.051803
0,0,0.051628
0,0,0.051454
0,0,0.051281
0,0,0.051108
0,0,0.050937
0,0,0.050766
0,0,0.050595
0,0,0.050426
0,0,0.050257
0,0,0.050089
0,0,0.049922
0,0,0.049755
0,0,0.04959
0,0,0.049425
0,0,0.04926
0,0,0.049097
0,0,0.048934
0,0,0.048772
0,0,0.04861
0,0,0.048449
0,0,0.048289
0,0,0.04813
0,0,0.047972
0,0,0.047814
0,0,0.047656
0,0,0.0475
0,0,0.047344
0,0,0.047189
0,0,0.047035
0,0,0.046881
0,0,0.046728
0,0,0.046576
0,0,0.046424
0,0,0.046273
0,0,0.046123
0,0,0.045973
0,0,0.045824
0,0,0.045676
0,0,0.045528
0,0,0.045381
0,0,0.045235
0,0,0.045089
0,0,0.044944
0,0,0.0448
0,0,0.044656
0,0,0.044513
0,0,0.044371
0,0,0.044229
0,0,0.044088
0,0,0.043948
0,0,0.043808
0,0,0.043669
0,0,0.04353
0,0,0.043392
0,0,0.043255
0,0,0.043118
0,0,0.042982
0,0,0.042846
0,0,0.042712
0,0,0.042577
0,0,0.042444
0,0,0.042311
0,0,0.042178
0,0,0.042047
0,0,0.041915
0,0,0.041785
0,0,0.041655
0,0,0.041525
0,0,0.041396
0,0,0.041268
0,0,0.04114
0,0,0.041013
0,0,0.040887
0,0,0.040761
0,0,0.040635
0,0,0.04051
0,0,0.040386
0,0,0.040262
0,0,0.040139
0,0,0.040017
0,0,0.039895
0,0,0.039773
0,0,0.039652
0,0,0.039532
0,0,0.039412
0,0,0.039292
0,0,0.039174
0,0,0.039055
0,0,0.038938
0,0,0.03882
0,0,0.038704
0,0,0.038587
0,0,0.038472
0,0,0.038357
0,0,0.038242
0,0,0.038128
0,0,0.038014
0,0,0.037901
0,0,0.037788
0,0,0.037676
0,0,0.037565
0,0,0.037454
0,0,0.037343
0,0,0.037233
0,0,0.037123
0,0,0.037014
0,0,0.036905
0,0,0.036797
0,0,0.036689
0,0,0.036582
0,0,0.036475
0,0,0.036368
0,0,0.036262
0,0,0.036157
0,0,0.036052
0,0,0.035947
0,0,0.035843
0,0,0.035739
0,0,0.035636
0,0,0.035533
0,0,0.035431
0,0,0.035329
0,0,0.035227
0,0,0.035126
0,0,0.035026
0,0,0.034925
0,0,0.034825
0,0,0.034726
0,0,0.034627
0,0,0.034528
0,0,0.03443
0,0,0.034332
0,0,0.034235
0,0,0.034138
0,0,0.034041
0,0,0.033945
0,0,0.033849
0,0,0.033754
0,0,0.033658
0,0,0.033564
0,0,0.033469
0,0,0.033375
0,0,0.033282
0,0,0.033188
0,0,0.033096
0,0,0.033003
0,0,0.032911
0,0,0.032819
0,0,0.032728
0,0,0.032636
0,0,0.032546
0,0,0.032455
0,0,0.032365
0,0,0.032275
0,0,0.032186
0,0,0.032097
0,0,0.032008
0,0,0.031919
0,0,0.031831
0,0,0.031743
0,0,0.031656
0,0,0.031569
0,0,0.031482
0,0,0.031395
0,0,0.031309
0,0,0.031223
0,0,0.031137
0,0,0.031052
0,0,0.030966
0,0,0.030882
0,0,0.030797
0,0,0.030713
0,0,0.030629
0,0,0.030545
0,0,0.030461
0,0,0.030378
0,0,0.030295
0,0,0.030213
0,0,0.03013
0,0,0.030048
0,0,0.029966
0,0,0.029884
0,0,0.029803
0,0,0.029722
0,0,0.029641
0,0,0.02956
0,0,0.02948
0,0,0.029399
0,0,0.029319
0,0,0.02924
0,0,0.02916
0,0,0.029081
0,0,0.029001
0,0,0.028922
0,0,0.028844
0,0,0.028765
0,0,0.028687
0,0,0.028609
0,0,0.028531
0,0,0.028453
0,0,0.028376
0,0,0.028298
0,0,0.028221
0,0,0.028144
0,0,0.028067
0,0,0.027991
0,0,0.027914
0,0,0.027838
0,0,0.027762
0,0,0.027686
0,0,0.02761
0,0,0.027534
0,0,0.027459
0,0,0.027383
0,0,0.027308
0,0,0.027233
0,0,0.027158
0,0,0.027083
0,0,0.027009
0,0,0.026934
0,0,0.02686
0,0,0.026785
0,0,0.026711
0,0,0.026637
0,0,0.026563
0,0,0.02649
0,0,0.026416
0,0,0.026342
0,0,0.026269
0,0,0.026195
0,0,0.026122
0,0,0.026049
0,0,0.025976
0,0,0.025903
0,0,0.02583
0,0,0.025757
0,0,0.025685
0,0,0.025612
0,0,0.025539
0,0,0.025467
0,0,0.025394
0,0,0.025322
0,0,0.02525
0,0,0.025178
0,0,0.025106
0,0,0.025034
0,0,0.024962
0,0,0.024891
0,0,0.024819
0,0,0.024748
0,0,0.024677
0,0,0.024606
0,0,0.024535
0,0,0.024465
0,0,0.024394
0,0,0.024324
0,0,0.024254
0,0,0.024184
0,0,0.024114
0,0,0.024044
0,0,0.023974
0,0,0.023905
0,0,0.023835
0,0,0.023766
0,0,0.023697
0,0,0.023628
0,0,0.023559
0,0,0.02349
0,0,0.023421
0,0,0.023353
0,0,0.023285
0,0,0.023216
0,0,0.023148
0,0,0.02308
0,0,0.023013
0,0,0.022945
0,0,0.022877
0,0,0.02281
0,0,0.022743
0,0,0.022675
0,0,0.022608
0,0,0.022541
0,0,0.022475
0,0,0.022408
0,0,0.022341
0,0,0.022275
0,0,0.022209
0,0,0.022143
0,0,0.022077
0,0,0.022011
0,0,0.021945
0,0,0.021879
0,0,0.021814
0,0,0.021748
0,0,0.021683
0,0,0.021618
0,0,0.021553
0,0,0.021488
0,0,0.021423
0,0,0.021359
0,0,0.021294
0,0,0.02123
0,0,0.021166
0,0,0.021102
0,0,0.021038
0,0,0.020974
0,0,0.02091
0,0,0.020846
0,0,0.020783
0,0,0.02072
0,0,0.020656
0,0,0.020593
0,0,0.02053
0,0,0.020468
0,0,0.020405
0,0,0.020342
0,0,0.02028
0,0,0.020218
0,0,0.020155
0,0,0.020093
0,0,0.020032
0,0,0.01997
0,0,0.019908
0,0,0.019847
0,0,0.019785
0,0,0.019724
0,0,0.019663
0,0,0.019602
0,0,0.019541
0,0,0.01948
0,0,0.01942
0,0,0.019359
0,0,0.019299
0,0,0.019239
0,0,0.019179
0,0,0.019119
0,0,0.019059
0,0,0.019
0,0,0.01894
0,0,0.018881
0,0,0.018821
0,0,0.018762
0,0,0.018703
0,0,0.018645
0,0,0.018586
0,0,0.018527
0,0,0.018469
0,0,0.018411
0,0,0.018353
0,0,0.018295
0,0,0.018237
0,0,0.018179
0,0,0.018122
0,0,0.018064
0,0,0.018007
0,0,0.01795
0,0,0.017893
0,0,0.017836
0,0,0.01778
0,0,0.017723
0,0,0.017667
0,0,0.017611
0,0,0.017555
0,0,0.017499
0,0,0.017443
0,0,0.017387
0,0,0.017332
0,0,0.017276
0,0,0.017221
0,0,0.017166
0,0,0.017111
0,0,0.017057
0,0,0.017002
0,0,0.016948
0,0,0.016894
0,0,0.01684
0,0,0.016786
0,0,0.016732
0,0,0.016678
0,0,0.016625
0,0,0.016572
0,0,0.016518
0,0,0.016465
0,0,0.016413
0,0,0.01636
0,0,0.016308
0,0,0.016255
0,0,0.016203
0,0,0.016151
0,0,0.016099
0,0,0.016048
0,0,0.015996
0,0,0.015945
0,0,0.015894
0,0,0.015843
0,0,0.015792
0,0,0.015741
0,0,0.015691
0,0,0.015641
0,0,0.015591
0,0,0.015541
0,0,0.015491
0,0,0.015441
0,0,0.015392
0,0,0.015343
0,0,0.015294
0,0,0.015245
0,0,0.015196
0,0,0.015148
0,0,0.015099
0,0,0.015051
0,0,0.015003
0,0,0.014956
0,0,0.014908
0,0,0.014861
0,0,0.014813
0,0,0.014766
0,0,0.01472
0,0,0.014673
0,0,0.014627
0,0,0.01458
0,0,0.014534
0,0,0.014488
0,0,0.014443
0,0,0.014397
0,0,0.014352
0,0,0.014307
0,0,0.014262
0,0,0.014217
0,0,0.014173
0,0,0.014128
0,0,0.014084
0,0,0.01404
0,0,0.013997
0,0,0.013953
0,0,0.01391
0,0,0.013867
0,0,0.013824
0,0,0.013781
0,0,0.013739
0,0,0.013696
0,0,0.013654
0,0,0.013612
0,0,0.013571
0,0,0.013529
0,0,0.013488
0,0,0.013447
0,0,0.013406
0,0,0.013366
0,0,0.013325
0,0,0.013285
0,0,0.013245
0,0,0.013206
0,0,0.013166
0,0,0.013127
0,0,0.013088
0,0,0.013049
0,0,0.01301
0,0,0.01297
0,0,0.01293
0,0,0.012889
0,0,0.012847
0,0,0.012804
0,0,0.01276
0,0,0.012717
0,0,0.012672
0,0,0.012627
0,0,0.012582
0,0,0.012537
0,0,0.012492
0,0,0.012446
0,0,0.0124
0,0,0.012354
0,0,0.012308
0,0,0.012262
0,0,0.012217
0,0,0.012171
0,0,0.012126
0,0,0.01208
0,0,0.012035
0,0,0.011991
0,0,0.011946
0,0,0.011902
0,0,0.011858
0,0,0.011815
0,0,0.011772
0,0,0.01173
0,0,0.011688
0,0,0.011646
0,0,0.011605
0,0,0.011565
0,0,0.011525
0,0,0.011486
0,0,0.011447
0,0,0.011408
0,0,0.011371
0,0,0.011334
0,0,0.011297
0,0,0.011261
0,0,0.011226
0,0,0.011191
0,0,0.011157
0,0,0.011123
0,0,0.01109
0,0,0.011057
0,0,0.011025
0,0,0.010994
0,0,0.010963
0,0,0.010932
0,0,0.010902
0,0,0.010873
0,0,0.010844
0,0,0.010815
0,0,0.010787
0,0,0.010759
0,0,0.010731
0,0,0.010704
0,0,0.010677
0,0,0.010651
0,0,0.010624
0,0,0.010598
0,0,0.010572
0,0,0.010547
0,0,0.010521
0,0,0.010495
0,0,0.010469
0,0,0.010444
0,0,0.010418
0,0,0.010392
0,0,0.010366
0,0,0.01034
0,0,0.010314
0,0,0.010287
0,0,0.01026
0,0,0.010232
0,0,0.010205
0,0,0.010176
0,0,0.010147
0,0,0.010117
0,0,0.010087
0,0,0.010056
0,0,0.010024
0,0,0.0099916
0,0,0.0099586
0,0,0.0099255
0,0,0.0098922
0,0,0.0098588
0,0,0.0098253
0,0,0.0097917
0,0,0.009758
0,0,0.0097244
0,0,0.0096907
0,0,0.0096571
0,0,0.0096235
0,0,0.00959
0,0,0.0095566
0,0,0.0095234
0,0,0.0094902
0,0,0.0094573
0,0,0.0094245
0,0,0.009392
0,0,0.0093596
0,0,0.0093275
0,0,0.0092957
0,0,0.0092641
0,0,0.0092328
0,0,0.0092017
0,0,0.009171
0,0,0.0091406
0,0,0.0091105
0,0,0.0090807
0,0,0.0090513
0,0,0.0090222
0,0,0.0089935
0,0,0.0089651
0,0,0.0089371
0,0,0.0089095
0,0,0.0088822
0,0,0.0088553
0,0,0.0088288
0,0,0.0088026
0,0,0.0087768
0,0,0.0087514
0,0,0.0087264
0,0,0.0087017
0,0,0.0086774
0,0,0.0086534
0,0,0.0086298
0,0,0.0086065
0,0,0.0085836
0,0,0.008561
0,0,0.0085387
0,0,0.0085168
0,0,0.0084952
0,0,0.0084738
0,0,0.0084528
0,0,0.008432
0,0,0.0084115
0,0,0.0083913
0,0,0.0083713
0,0,0.0083515
0,0,0.0083319
0,0,0.0083125
0,0,0.0082933
0,0,0.0082742
0,0,0.0082553
0,0,0.0082365
0,0,0.0082178
0,0,0.0081992
0,0,0.0081807
0,0,0.0081622
0,0,0.0081437
0,0,0.0081253
0,0,0.0081068
0,0,0.0080882
0,0,0.0080696
0,0,0.0080509
0,0,0.008032
0,0,0.008013
0,0,0.0079939
0,0,0.0079745
0,0,0.0079549
0,0,0.007935
0,0,0.0079149
0,0,0.0078944
0,0,0.0078735
0,0,0.0078523
0,0,0.0078308
0,0,0.0078091
0,0,0.0077875
0,0,0.0077658
0,0,0.007744
0,0,0.0077223
0,0,0.0077005
0,0,0.0076786
0,0,0.0076567
0,0,0.0076348
0,0,0.0076129
0,0,0.0075909
0,0,0.0075689
0,0,0.0075469
0,0,0.0075248
0,0,0.0075027
0,0,0.0074806
0,0,0.0074585
0,0,0.0074364
0,0,0.0074142
0,0,0.007392
0,0,0.0073698
0,0,0.0073476
0,0,0.0073254
0,0,0.0073032
0,0,0.007281
0,0,0.0072588
0,0,0.0072366
0,0,0.0072145
0,0,0.0071923
0,0,0.0071702
0,0,0.0071481
0,0,0.007126
0,0,0.0071039
0,0,0.0070819
0,0,0.0070599
0,0,0.007038
0,0,0.0070162
0,0,0.0069944
0,0,0.0069726
0,0,0.0069509
0,0,0.0069293
0,0,0.0069078
0,0,0.0068864
0,0,0.0068651
0,0,0.0068439
0,0,0.0068227
0,0,0.0068017
0,0,0.0067808
0,0,0.0067601
0,0,0.0067394
0,0,0.006719
0,0,0.0066986
0,0,0.0066784
0,0,0.0066584
0,0,0.0066386
0,0,0.0066189
0,0,0.0065994
0,0,0.0065801
0,0,0.006561
0,0,0.0065422
0,0,0.0065235
0,0,0.0065051
0,0,0.0064869
0,0,0.0064689
0,0,0.0064512
0,0,0.0064338
0,0,0.0064166
0,0,0.0063997
0,0,0.0063831
0,0,0.0063668
0,0,0.0063508
0,0,0.0063351
0,0,0.0063198
0,0,0.0063048
0,0,0.0062901
0,0,0.0062758
0,0,0.0062619
0,0,0.0062483
0,0,0.0062351
0,0,0.0062218
0,0,0.0062086
0,0,0.0061952
0,0,0.0061818
0,0,0.0061684
0,0,0.0061548
0,0,0.0061412
0,0,0.0061275
0,0,0.0061136
0,0,0.0060997
0,0,0.0060857
0,0,0.0060715
0,0,0.0060573
0,0,0.0060429
0,0,0.0060284
0,0,0.0060138
0,0,0.005999
0,0,0.0059841
0,0,0.0059691
0,0,0.005954
0,0,0.0059388
0,0,0.0059234
0,0,0.0059079
0,0,0.0058923
0,0,0.0058765
0,0,0.0058607
0,0,0.0058447
0,0,0.0058286
0,0,0.0058125
0,0,0.0057962
0,0,0.0057798
0,0,0.0057634
0,0,0.0057468
0,0,0.0057302
0,0,0.0057135
0,0,0.0056968
0,0,0.00568
0,0,0.0056631
0,0,0.0056462
0,0,0.0056293
0,0,0.0056124
0,0,0.0055955
0,0,0.0055785
0,0,0.0055616
0,0,0.0055447
0,0,0.0055279
0,0,0.0055111
0,0,0.0054943
0,0,0.0054776
0,0,0.0054611
0,0,0.0054446
0,0,0.0054282
0,0,0.005412
0,0,0.0053959
0,0,0.0053799
0,0,0.0053641
0,0,0.0053486
0,0,0.0053332
0,0,0.0053181
0,0,0.0053031
0,0,0.0052885
0,0,0.0052741
0,0,0.00526
0,0,0.0052463
0,0,0.0052328
0,0,0.0052197
0,0,0.005207
0,0,0.0051947
0,0,0.0051827
0,0,0.0051712
0,0,0.0051602
0,0,0.0051496
0,0,0.0051395
0,0,0.00513
0,0,0.0051207
0,0,0.0051116
0,0,0.0051024
0,0,0.0050933
0,0,0.0050842
0,0,0.0050751
0,0,0.0050659
0,0,0.0050568
0,0,0.0050475
0,0,0.0050382
0,0,0.0050288
0,0,0.0050193
0,0,0.0050098
0,0,0.0050001
0,0,0.0049902
0,0,0.0049803
0,0,0.0049702
0,0,0.00496
0,0,0.0049496
0,0,0.0049391
0,0,0.0049285
0,0,0.0049176
0,0,0.0049066
0,0,0.0048955
0,0,0.0048841
0,0,0.0048726
0,0,0.004861
0,0,0.0048491
0,0,0.0048371
0,0,0.004825
0,0,0.0048127
0,0,0.0048002
0,0,0.0047876
0,0,0.0047748
0,0,0.0047619
0,0,0.0047489
0,0,0.0047358
0,0,0.0047225
0,0,0.0047091
0,0,0.0046956
0,0,0.0046821
0,0,0.0046685
0,0,0.0046548
0,0,0.004641
0,0,0.0046272
0,0,0.0046134
0,0,0.0045996
0,0,0.0045858
0,0,0.004572
0,0,0.0045582
0,0,0.0045445
0,0,0.0045309
0,0,0.0045173
0,0,0.0045039
0,0,0.0044905
0,0,0.0044774
0,0,0.0044643
0,0,0.0044515
0,0,0.0044389
0,0,0.0044265
0,0,0.0044143
0,0,0.0044025
0,0,0.0043909
0,0,0.0043796
0,0,0.0043687
0,0,0.0043582
0,0,0.0043481
0,0,0.0043384
0,0,0.0043291
0,0,0.0043204
0,0,0.0043121
0,0,0.0043044
0,0,0.0042972
0,0,0.0042899
0,0,0.0042821
0,0,0.0042741
0,0,0.0042656
0,0,0.0042569
0,0,0.0042478
0,0,0.0042385
0,0,0.0042289
0,0,0.004219
0,0,0.0042089
0,0,0.0041986
0,0,0.0041881
0,0,0.0041773
0,0,0.0041665
0,0,0.0041554
0,0,0.0041442
0,0,0.0041329
0,0,0.0041215
0,0,0.0041099
0,0,0.0040983
0,0,0.0040866
0,0,0.0040749
0,0,0.0040631
0,0,0.0040513
0,0,0.0040394
0,0,0.0040275
0,0,0.0040157
0,0,0.0040038
0,0,0.003992
0,0,0.0039802
0,0,0.0039685
0,0,0.0039568
0,0,0.0039452
0,0,0.0039336
0,0,0.0039221
0,0,0.0039107
0,0,0.0038995
0,0,0.0038883
0,0,0.0038772
0,0,0.0038663
0,0,0.0038555
0,0,0.0038448
0,0,0.0038343
0,0,0.0038239
0,0,0.0038136
0,0,0.0038036
0,0,0.0037937
0,0,0.0037839
0,0,0.0037744
0,0,0.003765
0,0,0.0037558
0,0,0.0037468
0,0,0.003738
0,0,0.0037294
0,0,0.003721
0,0,0.0037128
0,0,0.0037048
0,0,0.003697
0,0,0.0036895
0,0,0.0036821
0,0,0.003675
0,0,0.003668
0,0,0.0036613
0,0,0.0036549
0,0,0.0036486
0,0,0.0036426
0,0,0.0036367
0,0,0.0036312
0,0,0.0036258
0,0,0.0036207
0,0,0.0036157
0,0,0.003611
0,0,0.0036066
0,0,0.0036023
0,0,0.003598
0,0,0.0035938
0,0,0.0035895
0,0,0.0035851
0,0,0.0035808
0,0,0.0035764
0,0,0.003572
0,0,0.0035675
0,0,0.003563
0,0,0.0035585
0,0,0.0035539
0,0,0.0035492
0,0,0.0035445
0,0,0.0035398
0,0,0.0035349
0,0,0.00353
0,0,0.0035251
0,0,0.00352
0,0,0.0035149
0,0,0.0035098
0,0,0.0035046
0,0,0.0034993
0,0,0.0034939
0,0,0.0034884
0,0,0.0034829
0,0,0.0034774
0,0,0.0034717
0,0,0.003466
0,0,0.0034602
0,0,0.0034544
0,0,0.0034485
0,0,0.0034425
0,0,0.0034365
0,0,0.0034304
0,0,0.0034243
0,0,0.0034181
0,0,0.0034119
0,0,0.0034057
0,0,0.0033994
0,0,0.003393
0,0,0.0033867
0,0,0.0033803
0,0,0.0033739
0,0,0.0033674
0,0,0.003361
0,0,0.0033545
0,0,0.0033481
0,0,0.0033416
0,0,0.0033352
0,0,0.0033288
0,0,0.0033224
0,0,0.003316
0,0,0.0033097
0,0,0.0033034
0,0,0.0032972
0,0,0.003291
0,0,0.0032849
0,0,0.0032789
0,0,0.0032729
0,0,0.0032671
0,0,0.0032613
0,0,0.0032557
0,0,0.0032501
0,0,0.0032446
0,0,0.0032389
0,0,0.0032332
0,0,0.0032273
0,0,0.0032215
0,0,0.0032155
0,0,0.0032096
0,0,0.0032035
0,0,0.0031975
0,0,0.0031914
0,0,0.0031853
0,0,0.0031792
0,0,0.0031731
0,0,0.0031669
0,0,0.0031608
0,0,0.0031547
0,0,0.0031485
0,0,0.0031424
0,0,0.0031363
0,0,0.0031302
0,0,0.0031242
0,0,0.0031181
0,0,0.0031121
0,0,0.0031061
0,0,0.0031001
0,0,0.0030941
0,0,0.0030881
0,0,0.0030822
0,0,0.0030763
0,0,0.0030703
0,0,0.0030645
0,0,0.0030586
0,0,0.0030527
0,0,0.0030468
0,0,0.0030409
0,0,0.0030351
0,0,0.0030292
0,0,0.0030233
0,0,0.0030173
0,0,0.0030114
0,0,0.0030054
0,0,0.0029994
0,0,0.0029934
0,0,0.0029873
0,0,0.0029811
0,0,0.0029749
0,0,0.0029686
0,0,0.0029622
0,0,0.0029557
0,0,0.0029491
0,0,0.0029424
0,0,0.0029356
0,0,0.0029287
0,0,0.0029216
0,0,0.0029144
0,0,0.002907
0,0,0.0028994
0,0,0.0028917
0,0,0.0028839
0,0,0.0028765
0,0,0.0028694
0,0,0.0028627
0,0,0.0028563
0,0,0.0028502
0,0,0.0028444
0,0,0.0028388
0,0,0.0028335
0,0,0.0028284
0,0,0.0028234
0,0,0.0028187
0,0,0.0028141
0,0,0.0028096
0,0,0.0028053
0,0,0.0028011
0,0,0.002797
0,0,0.002793
0,0,0.0027891
0,0,0.0027852
0,0,0.0027814
0,0,0.0027776
0,0,0.0027738
0,0,0.0027701
0,0,0.0027664
0,0,0.0027627
0,0,0.002759
0,0,0.0027553
0,0,0.0027515
0,0,0.0027478
0,0,0.002744
0,0,0.0027402
0,0,0.0027364
0,0,0.0027326
0,0,0.0027287
0,0,0.0027248
0,0,0.0027209
0,0,0.0027169
0,0,0.0027129
0,0,0.0027088
0,0,0.0027047
0,0,0.0027007
0,0,0.0026965
0,0,0.0026924
0,0,0.0026883
0,0,0.0026841
0,0,0.0026799
0,0,0.0026758
0,0,0.0026717
0,0,0.0026675
0,0,0.0026635
0,0,0.0026594
0,0,0.0026554
0,0,0.0026515
0,0,0.0026476
0,0,0.0026438
0,0,0.0026401
0,0,0.0026366
0,0,0.0026331
0,0,0.0026297
0,0,0.0026263
0,0,0.0026228
0,0,0.0026192
0,0,0.0026156
0,0,0.002612
0,0,0.0026084
0,0,0.0026047
0,0,0.0026011
0,0,0.0025974
0,0,0.0025937
0,0,0.00259
0,0,0.0025864
0,0,0.0025827
0,0,0.0025791
0,0,0.0025755
0,0,0.0025719
0,0,0.0025684
0,0,0.0025649
0,0,0.0025614
0,0,0.002558
0,0,0.0025546
0,0,0.0025513
0,0,0.002548
0,0,0.0025448
0,0,0.0025416
0,0,0.0025385
0,0,0.0025355
0,0,0.0025326
0,0,0.0025297
0,0,0.0025268
0,0,0.0025241
0,0,0.0025214
0,0,0.0025188
0,0,0.0025162
0,0,0.0025138
0,0,0.0025114
0,0,0.0025091
0,0,0.0025068
0,0,0.0025046
0,0,0.0025025
0,0,0.0025005
0,0,0.0024985
0,0,0.0024966
0,0,0.0024948
0,0,0.002493
0,0,0.0024913
0,0,0.0024897
0,0,0.0024881
0,0,0.0024866
0,0,0.0024851
0,0,0.0024837
0,0,0.0024823
0,0,0.002481
0,0,0.0024797
0,0,0.0024785
0,0,0.0024773
0,0,0.0024761
0,0,0.0024749
0,0,0.0024738
0,0,0.0024727
0,0,0.0024716
0,0,0.0024705
0,0,0.0024694
0,0,0.0024683
0,0,0.0024672
0,0,0.0024661
0,0,0.0024649
0,0,0.0024637
0,0,0.0024625
0,0,0.0024613
0,0,0.00246
0,0,0.0024586
0,0,0.0024572
0,0,0.0024557
0,0,0.0024542
0,0,0.0024525
0,0,0.0024508
0,0,0.002449
0,0,0.002447
0,0,0.002445
0,0,0.0024428
0,0,0.0024404
0,0,0.002438
0,0,0.0024354
0,0,0.0024326
0,0,0.0024296
0,0,0.0024265
0,0,0.0024232
0,0,0.0024199
0,0,0.0024165
0,0,0.0024132
0,0,0.0024099
0,0,0.0024066
0,0,0.0024033
0,0,0.0024
0,0,0.0023967
0,0,0.0023934
0,0,0.0023902
0,0,0.002387
0,0,0.0023838
0,0,0.0023806
0,0,0.0023774
0,0,0.0023743
0,0,0.0023712
0,0,0.0023682
0,0,0.0023652
0,0,0.0023622
0,0,0.0023593
0,0,0.0023563
0,0,0.0023535
0,0,0.0023506
0,0,0.0023478
0,0,0.0023451
0,0,0.0023423
0,0,0.0023396
0,0,0.002337
0,0,0.0023343
0,0,0.0023317
0,0,0.0023291
0,0,0.0023266
0,0,0.0023241
0,0,0.0023216
0,0,0.0023191
0,0,0.0023167
0,0,0.0023142
0,0,0.0023118
0,0,0.0023094
0,0,0.002307
0,0,0.0023046
0,0,0.0023022
0,0,0.0022998
0,0,0.0022974
0,0,0.002295
0,0,0.0022926
0,0,0.0022901
0,0,0.0022877
0,0,0.0022852
0,0,0.0022826
0,0,0.0022801
0,0,0.0022775
0,0,0.0022748
0,0,0.0022721
0,0,0.0022694
0,0,0.0022665
0,0,0.0022636
0,0,0.0022607
0,0,0.0022576
0,0,0.0022545
0,0,0.0022512
0,0,0.0022479
0,0,0.0022444
0,0,0.0022408
0,0,0.0022371
0,0,0.0022333
0,0,0.0022293
0,0,0.0022252
0,0,0.0022209
0,0,0.0022165
0,0,0.0022119
0,0,0.0022071
0,0,0.0022021
0,0,0.0021969
0,0,0.0021918
0,0,0.0021866
0,0,0.0021814
0,0,0.0021762
0,0,0.002171
0,0,0.0021659
0,0,0.0021607
0,0,0.0021556
0,0,0.0021504
0,0,0.0021453
0,0,0.0021403
0,0,0.0021352
0,0,0.0021302
0,0,0.0021252
0,0,0.0021202
0,0,0.0021153
0,0,0.0021105
0,0,0.0021056
0,0,0.0021008
0,0,0.0020961
0,0,0.0020914
0,0,0.0020868
0,0,0.0020822
0,0,0.0020776
0,0,0.0020731
0,0,0.0020687
0,0,0.0020643
0,0,0.00206
0,0,0.0020558
0,0,0.0020516
0,0,0.0020475
0,0,0.0020434
0,0,0.0020394
0,0,0.0020354
0,0,0.0020316
0,0,0.0020278
0,0,0.002024
0,0,0.0020203
0,0,0.0020167
0,0,0.0020132
0,0,0.0020097
0,0,0.0020063
0,0,0.0020029
0,0,0.0019997
0,0,0.0019964
0,0,0.0019933
0,0,0.0019902
0,0,0.0019872
0,0,0.0019842
0,0,0.0019813
0,0,0.0019785
0,0,0.0019757
0,0,0.001973
0,0,0.0019703
0,0,0.0019677
0,0,0.0019651
0,0,0.0019626
0,0,0.0019602
0,0,0.0019578
0,0,0.0019555
0,0,0.0019532
0,0,0.0019509
0,0,0.0019487
0,0,0.0019465
0,0,0.0019444
0,0,0.0019423
0,0,0.0019402
0,0,0.0019382
0,0,0.0019362
0,0,0.0019343
0,0,0.0019323
0,0,0.0019304
0,0,0.0019285
0,0,0.0019266
0,0,0.0019247
0,0,0.0019229
0,0,0.001921
0,0,0.0019192
0,0,0.0019173
0,0,0.0019155
0,0,0.0019136
0,0,0.0019118
0,0,0.0019099
0,0,0.001908
0,0,0.0019062
0,0,0.0019043
0,0,0.0019025
0,0,0.0019006
0,0,0.0018988
0,0,0.001897
0,0,0.0018952
0,0,0.0018934
0,0,0.0018916
0,0,0.0018899
0,0,0.0018881
0,0,0.0018864
0,0,0.0018848
0,0,0.0018831
0,0,0.0018815
0,0,0.0018799
0,0,0.0018783
0,0,0.0018768
0,0,0.0018753
0,0,0.0018738
0,0,0.0018724
0,0,0.001871
0,0,0.0018696
0,0,0.0018682
0,0,0.0018669
0,0,0.0018656
0,0,0.0018644
0,0,0.0018631
0,0,0.0018619
0,0,0.0018608
0,0,0.0018596
0,0,0.0018585
0,0,0.0018574
0,0,0.0018563
0,0,0.0018553
0,0,0.0018543
0,0,0.0018533
0,0,0.0018523
0,0,0.0018513
0,0,0.0018504
0,0,0.0018494
0,0,0.0018485
0,0,0.0018476
0,0,0.0018467
0,0,0.0018458
0,0,0.0018449
0,0,0.001844
0,0,0.001843
0,0,0.0018421
0,0,0.0018412
0,0,0.0018402
0,0,0.0018393
0,0,0.0018383
0,0,0.0018373
0,0,0.0018363
0,0,0.0018352
0,0,0.0018341
0,0,0.001833
0,0,0.0018318
0,0,0.0018305
0,0,0.0018293
0,0,0.0018279
0,0,0.0018265
0,0,0.0018251
0,0,0.0018235
0,0,0.0018219
0,0,0.0018202
0,0,0.0018185
0,0,0.0018166
0,0,0.0018147
0,0,0.0018126
0,0,0.0018105
0,0,0.0018082
0,0,0.0018058
0,0,0.0018033
0,0,0.0018007
0,0,0.0017979
0,0,0.001795
0,0,0.0017919
0,0,0.0017887
0,0,0.0017853
0,0,0.0017818
0,0,0.0017781
0,0,0.0017742
0,0,0.0017702
0,0,0.0017659
0,0,0.0017615
0,0,0.0017571
0,0,0.001753
0,0,0.001749
0,0,0.0017453
0,0,0.0017416
0,0,0.0017381
0,0,0.0017348
0,0,0.0017315
0,0,0.0017283
0,0,0.0017252
0,0,0.0017222
0,0,0.0017192
0,0,0.0017163
0,0,0.0017134
0,0,0.0017106
0,0,0.0017077
0,0,0.0017049
0,0,0.0017021
0,0,0.0016993
0,0,0.0016965
0,0,0.0016937
0,0,0.0016909
0,0,0.0016881
0,0,0.0016852
0,0,0.0016824
0,0,0.0016795
0,0,0.0016767
0,0,0.0016738
0,0,0.0016709
0,0,0.001668
0,0,0.0016651
0,0,0.0016622
0,0,0.0016594
0,0,0.0016565
0,0,0.0016536
0,0,0.0016508
0,0,0.0016481
0,0,0.0016453
0,0,0.0016426
0,0,0.00164
0,0,0.0016375
0,0,0.0016351
0,0,0.0016327
0,0,0.0016305
0,0,0.0016284
0,0,0.0016264
0,0,0.0016246
0,0,0.001623
0,0,0.0016215
0,0,0.0016203
